time_sec	flux	flux_err
0.0410000276565552	2.20420083235808e-07	3.54147742890745e-08
0.100999970436096	4.03447299640925e-07	7.60737471469563e-08
0.161000032424927	6.16239692845095e-07	9.3246351434095e-08
0.220999975204468	1.0021562063104e-06	1.90676002322945e-07
0.261000056266785	7.49221122503211e-07	1.28005763390965e-07
0.320999999046326	3.54928390662041e-07	6.1264532921301e-08
0.40100004196167	1.76352737045699e-07	3.1259246968185e-08
0.460999984741211	1.53135045751788e-07	2.88016953699796e-08
0.501000065803528	1.27540608758437e-07	2.08535496083939e-08
0.581000029246012	1.5420817966441e-07	1.86987351792236e-08
0.661000032424927	4.76922719054375e-07	6.86988491767057e-08
0.700999994277954	4.74404215144497e-07	8.64763100264054e-08
0.741000075340271	5.93674249929342e-07	1.20528513954503e-07
0.781000037193298	9.23639321684669e-07	1.70800591044884e-07
0.820999999046326	9.77204141472107e-07	1.7413024152025e-07
0.861000080108643	5.94304940532234e-07	1.14119216635446e-07
0.90100004196167	5.25815518030836e-07	8.22471247596185e-08
0.941000003814697	2.4808560206436e-07	4.73690130639317e-08
0.981000084877014	1.68137413687337e-07	3.47537679412679e-08
1.02100004673004	1.03588841619337e-07	2.07056035718599e-08
1.06100000858307	8.0886371368535e-08	1.59866635521196e-08
1.14100001176198	3.21220471086488e-08	4.021942780028681e-09
1.22099997520447	2.26953910653895e-08	4.37553123874781e-09
1.26100005626678	3.14508959894284e-08	5.72041247441633e-09
1.30100001811981	3.77451598403533e-08	7.86003526082986e-09
1.34099997997284	5.43416866759278e-08	1.01594442853307e-08
1.38100006103516	6.97418666342137e-08	1.20682049832526e-08
1.46100002447764	7.79578028057165e-08	1.2418184461655e-08
1.54100002765656	1.91277962595354e-07	3.75006934809047e-08
1.58099998950958	2.88052085234225e-07	5.25395416894586e-08
1.6210000705719	4.12527610379904e-07	7.28024919232289e-08
1.66100003242493	4.92543548316116e-07	9.82354498079389e-08
1.72100003480911	4.00813430902221e-07	6.42527490230376e-08
1.7810000371933	5.2156373484942e-07	1.00603428131139e-07
1.82099999904633	5.00149246268331e-07	9.80002826073166e-08
1.86100008010864	5.11190864594219e-07	9.1429257974061e-08
1.90100004196167	4.78247875308997e-07	9.20100200453846e-08
1.98100008487701	3.31698492481041e-07	6.35237584024879e-08
2.02100004673004	2.6837032107828e-07	5.01143753108549e-08
2.06100000858307	2.29679614283809e-07	4.36741363865604e-08
2.1009999704361	1.95110907555218e-07	4.08458354090919e-08
2.14100005149841	2.94503580217824e-07	3.75621022475165e-08
2.18100001335144	1.92790158037351e-07	3.29828521026567e-08
2.22099997520447	1.60496118661066e-07	2.99390758193164e-08
2.26100005626678	1.37954458838045e-07	2.48933941360491e-08
2.30100001811981	1.43008854594371e-07	2.36148433587857e-08
2.34099997997284	1.11332349767199e-07	2.07354920040972e-08
2.38100006103516	9.09597794449907e-08	1.67346925889069e-08
2.42100002288818	6.67878933731998e-08	1.59171131635209e-08
2.46099998474121	9.17068367414087e-08	1.64249849594317e-08
2.50100006580353	7.66931902850494e-08	1.46801437772048e-08
2.54100002765656	9.38294806502203e-08	1.43991216665111e-08
2.58099998950958	6.42893364414387e-08	1.5050140539667e-08
2.6210000705719	7.20879786626376e-08	1.37548712660482e-08
2.66100003242493	9.21412104076207e-08	1.36125760402746e-08
2.70099999427795	7.12754111160544e-08	1.40164233332556e-08
2.74100007534027	7.58332841337141e-08	1.34994253506849e-08
2.7810000371933	6.55837383054229e-08	1.27750599334885e-08
2.82099999904633	6.62055836606909e-08	1.22700405952007e-08
2.86100008010864	6.75549716345052e-08	1.36664714379325e-08
2.90100004196167	1.00872541839945e-07	1.41660999176201e-08
2.9410000038147	9.61902053114496e-08	1.44194143032961e-08
2.98100008487701	1.02381937309703e-07	1.50696723457443e-08
3.02100004673004	1.33242924536057e-07	1.68869426177916e-08
3.06100000858307	1.30345062338601e-07	1.70446213658032e-08
3.1009999704361	1.15773973260138e-07	1.75622897681481e-08
3.14100005149841	9.73390922448965e-08	1.71825629193143e-08
3.18100001335144	1.4274347499309e-07	1.9766308855489e-08
3.22099997520447	1.57519370251419e-07	2.07552577568275e-08
3.26100005626678	1.12419784755481e-07	2.05321883989501e-08
3.30100001811981	1.90224493718473e-07	2.42896815409142e-08
3.34099997997284	1.47004646509853e-07	2.54929623474134e-08
3.38100006103516	1.60086026358462e-07	2.60456744450155e-08
3.42100002288818	2.02758292895998e-07	2.7809588678982e-08
3.46099998474121	1.9166830929461e-07	3.10085457156234e-08
3.50100006580353	1.74229999256283e-07	2.92620333471721e-08
3.54100002765656	1.4257967748521e-07	2.64273942425971e-08
3.58099998950958	1.33557033492804e-07	2.07155190667576e-08
3.64100005149841	5.69011060197772e-08	8.82259628751046e-09
3.70099999427795	4.42599051449049e-08	7.8267918628539e-09
3.74100007534027	4.02801645802152e-08	5.45415870470226e-09
3.7810000371933	1.7589068554642e-08	3.4953219015091204e-09
3.84100003957748	1.06185899094434e-08	1.5363984512218902e-09
3.90100004196167	1.18916781058472e-08	1.95540219020151e-09
3.9410000038147	1.57442111188645e-08	2.98310042822359e-09
4.00100006580353	2.44478636188017e-08	4.3546175817119206e-09
4.06100000858307	8.25135456025256e-08	1.37042780239373e-08
4.1009999704361	1.09206538644338e-07	2.13556275870705e-08
4.14100005149841	1.60098759500717e-07	3.65511328198998e-08
4.18100001335144	3.01965446956652e-07	5.84195492396829e-08
4.22099997520447	4.79388161560287e-07	8.98834816668409e-08
4.2810000371933	7.06254122222354e-07	1.32451487668184e-07
4.361000020504	3.39874228605684e-07	9.83845005257186e-08
4.4410000038147	3.33268420573493e-07	5.96318916375219e-08
4.52100004673004	1.89189445129097e-07	3.17970770588034e-08
4.60100003004074	8.35445194991601e-08	1.63006298932382e-08
4.68100001335144	6.32023176226629e-08	9.528328012096641e-09
4.7810000371933	5.0859427561336e-08	7.08055521436587e-09
4.86100008010864	6.13327299934676e-08	1.12861294810501e-08
4.90100004196167	4.26550805860782e-08	1.00702552517027e-08
4.9410000038147	6.16589676456803e-08	1.09872589692428e-08
5.00100006580353	4.72269793072467e-08	7.2971989761863806e-09
5.08099998950958	3.23101629908923e-08	5.7102472037375e-09
5.14100005149841	5.38627774697309e-08	8.204203505508691e-09
5.20099999427795	2.89459526983043e-08	5.13454370196407e-09
5.32100002884865	2.7478148498825e-08	3.9442415533893904e-09
5.4410000038147	3.6161661099427e-08	5.8058243416626905e-09
5.52100004673004	2.66229117359452e-08	5.9374816729428405e-09
5.60100003004074	3.33649261008345e-08	6.03934346226258e-09
5.68100001335144	6.76201644090766e-08	9.934343164786041e-09
5.7810000371933	8.71999984006217e-08	1.19011350423547e-08
5.86100008010864	1.71352724384576e-07	2.90472469769951e-08
5.90100004196167	2.75288673889188e-07	3.54645959111867e-08
5.9410000038147	2.39302629752184e-07	5.22914276235356e-08
5.98100008487701	4.103067775776e-07	8.05826673608172e-08
6.02100004673004	7.5472301594221e-07	1.28911687575794e-07
6.08099998950958	1.08573716679418e-06	1.60535137927773e-07
6.16100003242493	4.68195814408166e-07	9.25126314344829e-08
6.24100001573563	3.34891622143511e-07	5.51504096145626e-08
6.32099999904633	1.55965224990208e-07	3.93957372242226e-08
6.38100006103516	3.37542377099871e-07	6.18110451032019e-08
6.4410000038147	2.26641090422788e-07	4.1172031435112e-08
6.52100004673004	3.08233477961384e-07	5.06510926733569e-08
6.60100003004074	2.52345653429557e-07	4.63772099808539e-08
6.68100001335144	3.2089125122288e-07	5.40161981383302e-08
6.76100005626678	2.05249423583411e-07	5.31473018695945e-08
6.84100003957748	3.41544889085716e-07	6.28404666105944e-08
6.92100002288818	2.38216856910788e-07	6.21548250373956e-08
7.02100004673004	3.38600237860173e-07	5.6849998263934e-08
7.1009999704361	5.79872003801163e-07	1.07891336188679e-07
7.18100001335144	2.76198506409191e-07	4.75271607702823e-08
7.30100001811981	1.90219546231301e-07	3.14275402599355e-08
7.42100002288818	6.16903990146728e-08	1.76902967303215e-08
7.50100006580353	1.55548739096652e-07	2.70643095249499e-08
7.56100000858307	7.75252699632676e-08	1.98023113865459e-08
7.64100005149841	1.15390230383848e-07	1.97994684472698e-08
7.70099999427795	1.84004299171162e-07	3.2385553987145e-08
7.76100005626678	1.61139787000015e-07	2.66580347862366e-08
7.82099999904633	1.8308820337965e-07	3.56838682195325e-08
7.88100006103516	1.11620199393797e-07	2.37604125344656e-08
7.96100004434586	1.34700053057393e-07	2.05205459422597e-08
8.04100002765655	1.26622814630482e-07	2.15946583411328e-08
8.14100001176198	7.96638541282032e-08	1.57978971518116e-08
8.26100001653035	7.25321068965334e-08	1.35221626383785e-08
8.40100001215935	4.57420058146431e-08	1.10442095675944e-08
8.5810000371933	6.71065258055031e-08	1.10131005924798e-08
8.74100003560384	9.22058394670846e-08	1.58915701464653e-08
8.96100002944469	4.83962145116996e-08	1.06788400073309e-08
9.20100002408028	9.86838123117811e-08	1.94229867586603e-08
9.44100001871586	7.77289779263283e-08	1.37554306668736e-08
9.68100004315376	1.18268626666711e-07	2.08828882756038e-08
9.94100003030565	4.22387300884651e-08	1.21362939283408e-08
10.1810000133514	1.22341496237842e-07	2.07517167862364e-08
10.3810000269754	6.50841710492593e-08	1.13265734000542e-08
10.9410000265212	2.56913841909e-08	5.6318197044792906e-09
11.5010000317437	4.97655885159001e-08	9.43723158740905e-09
11.7410000276566	5.50602268521182e-08	1.06829363372667e-08
11.9810000337873	4.75235287527058e-08	8.7353878854981e-09
12.261000022207	3.65754030030908e-08	9.048428139623561e-09
12.5410000276566	4.03597050164316e-08	7.99684061928989e-09
13.0410000276566	2.65366688127953e-08	5.050535839215381e-09
14.1610000292878	1.81400115670954e-08	3.2281381510944904e-09
15.6810000258998	9.6166525468685e-09	3.19485661038138e-09
17.2010000287859	1.66917400426776e-08	3.2006575593471e-09
21.3810000275729	8.932979260667191e-09	1.4022398440886601e-09
31.6610000275595	7.43885890037663e-09	1.2739343287301e-09
52.2410000277262	7.627596168261291e-09	1.17601023602801e-09
95.471	7.1916638990018e-09	9.4202510793194e-10
96.498	7.64470766792145e-09	1.0027147612568751e-09
97.672	7.08654322723062e-09	8.854630485592725e-10
98.7175	7.89709067774754e-09	9.963559174840682e-10
99.6833	8.206890550488431e-09	1.06755111998852e-09
100.742	6.4638275808992206e-09	8.197319565975196e-10
101.963	6.221421356052261e-09	7.77616745109745e-10
103.157	5.35624900219027e-09	6.64976980265863e-10
104.3561	7.948375223084561e-09	1.0397361928416681e-09
105.3471	8.09898867526312e-09	1.055167973155053e-09
106.5	5.918503954121161e-09	7.615387448359524e-10
107.8	5.2914448635283e-09	6.790542132508454e-10
109.139	5.43190970061131e-09	6.785742585388485e-10
110.491	5.699129116296771e-09	7.372516004606565e-10
111.749	6.3038490031694505e-09	7.967572779240531e-10
112.912	5.488960873114121e-09	7.060915656406165e-10
114.287	5.07044736074703e-09	6.421351451616175e-10
115.566	5.89684152522842e-09	7.552649074437115e-10
116.928	4.80150320820463e-09	5.995993199871851e-10
118.217	5.889426064957861e-09	7.385796122609306e-10
119.635	6.53695047693899e-09	8.156820677235766e-10
120.841	7.2940663034913105e-09	9.27220365932233e-10
122.3	3.9531086246897405e-09	5.346598435042146e-10
123.913	5.6489909970859e-09	6.9589641143761e-10
124.651	4.7681602325587e-09	5.905103064684815e-10
125.2527	4.4912994799759706e-09	5.48700503326064e-10
125.8332	5.3950789339484204e-09	6.68150500003703e-10
126.4119	5.28449973688388e-09	6.820810198573874e-10
126.9678	4.81500282925506e-09	5.88247342869166e-10
127.5776	5.058089866111741e-09	6.179449864914431e-10
128.0995	5.4127216087933e-09	6.612703227472111e-10
128.653	4.616464668560421e-09	5.958562438361495e-10
129.2773	4.17032337515084e-09	5.094871329512245e-10
129.9451	5.07946962633787e-09	6.205572841662791e-10
130.495	4.58751694202301e-09	5.759736619744495e-10
131.1596	4.48824585300578e-09	5.48327697406333e-10
131.7499	5.758365749789391e-09	6.983056742311115e-10
132.2983	4.81533323723343e-09	5.882876469878335e-10
132.9599	4.801513705912791e-09	6.028411075574806e-10
133.5832	4.0243605279590704e-09	5.0702284841994e-10
134.2532	3.4381332966330505e-09	5.125273934291991e-10
134.7754	3.70694601958842e-09	5.465600408843525e-10
135.3521	3.86967366284844e-09	4.792373108467111e-10
136.1071	4.412965149815951e-09	5.39130465294161e-10
136.7136	4.32460393609202e-09	5.355779430860155e-10
137.2937	4.6365457971105e-09	5.74210145783451e-10
137.8934	5.020191308729111e-09	6.13315055340384e-10
138.3817	3.77442829086937e-09	5.56509797337527e-10
138.9907	4.373366933153611e-09	5.342929242928469e-10
139.6107	4.49514962401006e-09	5.56699010775351e-10
140.2293	4.51775456860488e-09	5.519326652814335e-10
140.8692	4.297930990760231e-09	5.322746088722405e-10
141.479	4.047971129087981e-09	5.01318648863715e-10
142.1409	3.6722165419321205e-09	4.772660151517265e-10
142.8141	5.248217206213881e-09	6.49962368430056e-10
143.4145	4.1895480270756e-09	5.188519363004415e-10
144.0638	4.37384840420237e-09	5.41676773139691e-10
144.6978	4.5007070798689205e-09	5.57387310422961e-10
145.313	3.6064250277215603e-09	5.486403254722196e-10
145.7961	3.74197004175613e-09	5.458231810714541e-10
146.3997	3.84223105404519e-09	4.75838894816515e-10
147.1078	3.92503662241053e-09	4.79520541922916e-10
147.8213	4.48646396678859e-09	5.481097483817595e-10
148.4147	4.365532906887131e-09	5.33335739287765e-10
148.9799	3.3189741051162802e-09	4.947639916476016e-10
149.5948	4.75402966504447e-09	5.723188315165935e-10
150.2034	4.3914012253922105e-09	5.438503725693276e-10
150.7889	3.783054554413161e-09	5.639451032816166e-10
151.3078	3.3825406601315e-09	5.042401026726741e-10
151.8812	3.7567000335993805e-09	5.833290021017195e-10
152.4499	4.0927786271187305e-09	5.11598250102869e-10
153.1368	3.2823554501503802e-09	4.993402041069179e-10
153.7091	3.8438374490933206e-09	5.594502417439505e-10
154.342	2.92020688821065e-09	4.4424704123458747e-10
154.9734	3.7733699938981705e-09	5.740375260839996e-10
155.426	3.7955027608838605e-09	5.69174655841547e-10
156.0479	4.4089135402353e-09	5.386359358124646e-10
156.6537	3.3126507738314705e-09	4.93821336955666e-10
157.2585	3.72248738734148e-09	5.66296814364132e-10
157.8161	3.96417698305344e-09	5.90945424437349e-10
158.3439	4.04793167758564e-09	5.782766492440619e-10
158.8536	3.3659819634515104e-09	5.226595081830701e-10
159.3958	3.5902000295491103e-09	5.574754153493205e-10
159.918	3.85513523620929e-09	5.398277112040606e-10
160.582	2.9989542118925204e-09	4.56226568290472e-10
161.1109	3.39272696198068e-09	5.057584838099751e-10
161.7078	3.7896264773694e-09	5.52774620078853e-10
162.2499	3.1182141298984703e-09	4.743696749113385e-10
162.8853	2.8912086008729203e-09	4.3983549081002755e-10
163.4767	3.09790989665717e-09	4.6180959989662e-10
164.1841	2.6597581220204803e-09	3.9649383533375897e-10
164.826	2.70480642851814e-09	4.03209253802688e-10
165.5644	4.21929640892773e-09	5.15469958118234e-10
166.1204	3.68479389236276e-09	5.49297334456796e-10
166.8695	2.1480668131716103e-09	3.202153424384775e-10
167.6125	2.8599693383538e-09	4.35083020302034e-10
168.2553	2.91163998285456e-09	4.521107562395915e-10
168.8065	3.408004759957e-09	5.184550541116055e-10
169.4104	3.88675595295326e-09	4.97649005271225e-10
170.1093	2.72972557352242e-09	4.06923985937906e-10
170.7857	3.25597675680204e-09	4.85372996931602e-10
171.3485	2.8316877835778103e-09	4.22123784671397e-10
172.0132	3.19878846318637e-09	4.96698315673064e-10
172.5295	3.63563369918231e-09	5.419689961667475e-10
173.1119	3.0125351456096e-09	4.4908282840667804e-10
173.8174	2.44730845946235e-09	3.648237066712585e-10
174.5179	3.5576533413533903e-09	4.4127357160637446e-10
175.1635	3.7041556009362804e-09	5.5091020036559e-10
175.7403	3.35925666276929e-09	5.216153021844176e-10
176.4357	2.6144928277743102e-09	4.231949261073655e-10
177.0291	3.5379540497561403e-09	5.274078473302211e-10
177.5941	3.05982149697358e-09	4.65486534134155e-10
178.2175	3.3150298715367803e-09	5.043109272605471e-10
178.7308	3.7386997755706705e-09	5.80534013334099e-10
179.2669	3.3028325470038904e-09	4.923580182865771e-10
179.8849	3.0480266234262802e-09	4.543737003401225e-10
180.4725	3.45795160584842e-09	5.154817629046045e-10
181.1841	3.02677413346905e-09	4.51205467413334e-10
181.8052	3.2499774502481203e-09	5.151894157851056e-10
182.4286	3.2165032791221404e-09	4.994488856037131e-10
183.0924	2.81130876678381e-09	4.27680454038082e-10
183.7238	4.3321280355839e-09	5.365100173652161e-10
184.3874	3.9042113493941e-09	5.820062504120605e-10
184.8788	3.96122731819889e-09	6.026161027673315e-10
185.388	3.98522731885316e-09	5.92713130576427e-10
185.9353	3.7075224911151302e-09	5.526856133360705e-10
186.575	2.9490461413516504e-09	4.39618522462793e-10
187.1332	3.5161562102777303e-09	5.34908264349717e-10
187.716	3.1740877212273e-09	4.73165939159553e-10
188.2814	3.1261418071479103e-09	4.660184325754275e-10
188.9622	3.6558851333432704e-09	4.6059942784373503e-10
189.6269	2.91469230794238e-09	4.344975566336325e-10
190.2398	3.3013716134735805e-09	4.921403508499365e-10
190.9275	2.7622008648878904e-09	4.11765273180505e-10
191.5151	3.51503059153271e-09	5.347369213342219e-10
192.058	3.5781815196021504e-09	5.334047367217294e-10
192.5953	3.1679032336950103e-09	4.722438079157421e-10
193.2691	2.5723227458597403e-09	3.834599161080085e-10
193.9346	3.41826804104868e-09	5.20016538806042e-10
194.5513	4.584618744446381e-09	5.67779617503028e-10
195.1331	3.3815235356305104e-09	5.040886236716555e-10
195.7299	3.1628554542485504e-09	4.7149152628336e-10
196.3245	3.2392371819436705e-09	5.029789896287095e-10
196.962	2.86030702318271e-09	4.263901951112015e-10
197.6192	2.9491398359096e-09	4.486487249011935e-10
198.168	3.31635459156018e-09	4.943739262048606e-10
198.7382	3.1630054676767802e-09	5.014025146687134e-10
199.3104	3.5693753396406805e-09	5.368316548867895e-10
199.9581	3.0727019700202505e-09	4.580523304967825e-10
200.6022	2.6783857984933403e-09	3.99270889268152e-10
201.1842	3.1886183799756403e-09	4.75332062849304e-10
201.8809	3.0294076742410302e-09	4.51598362351473e-10
202.4991	2.8388901634491e-09	4.23197649753619e-10
203.0682	3.1646430985356303e-09	4.717582484455329e-10
203.8194	2.13450534581944e-09	3.31439758169724e-10
204.5841	2.6818419920702803e-09	4.07985045203353e-10
205.2154	3.24475476495645e-09	4.93620354847733e-10
205.8423	2.8349357164259404e-09	4.31275115542291e-10
206.5432	2.6774391463386603e-09	3.991298448547445e-10
207.2211	2.82325148682346e-09	4.24615191147581e-10
207.869	2.69846436629978e-09	4.1051379569678403e-10
208.6491	2.45151361216681e-09	3.6545077456181353e-10
209.3292	2.82378966621292e-09	4.29579523123544e-10
209.9922	3.3856602480070102e-09	5.047053999158275e-10
210.5107	3.7107518223871304e-09	5.53167269062052e-10
211.1901	2.15462943442486e-09	3.21193805471572e-10
211.9717	3.5738513409629604e-09	5.32759400184896e-10
212.6697	2.1175566655911304e-09	3.156673657640475e-10
213.4939	2.76274750045425e-09	4.202932724927155e-10
214.2573	2.8028664805028504e-09	4.178274742003235e-10
214.8887	3.51765420951253e-09	5.243823826601811e-10
215.4995	2.8003826458650604e-09	4.260186923013905e-10
216.2665	2.4625748935138903e-09	3.6709968881910855e-10
217.1589	2.18637071073171e-09	3.32609696655483e-10
217.9851	2.69445104808019e-09	4.09903288801154e-10
218.6118	2.87797944367091e-09	4.29024799912144e-10
219.4298	2.1055016035118403e-09	3.138702367475915e-10
220.3016	2.72482422071799e-09	4.1452394532541247e-10
220.9813	2.4792223772561202e-09	3.6958141636454803e-10
221.6765	3.3817178474541105e-09	5.041177837928525e-10
222.2259	3.17924200049351e-09	4.739344593477175e-10
222.9191	2.3756475775863504e-09	3.54141437512599e-10
223.6476	2.6202663755321e-09	4.153671777806395e-10
224.4488	2.48572977937199e-09	3.705514620978005e-10
225.2212	2.6457151278143e-09	3.94400785364503e-10
226.04	2.24847883109842e-09	3.351841685859885e-10
226.8087	2.8025919435090903e-09	4.177866224188225e-10
227.5158	2.5072424583659902e-09	3.737584291929075e-10
228.1587	3.6386254621235905e-09	5.30749218195676e-10
228.9425	1.8415930265875302e-09	2.801592988191705e-10
229.9168	1.9748152010713603e-09	2.9438876157983154e-10
230.65	2.4993111109520703e-09	3.8021715059451805e-10
231.4169	2.3468424670185203e-09	3.570222819970745e-10
232.3102	2.27519027979561e-09	3.391661370271335e-10
233.1056	2.30557766717844e-09	3.43696010239116e-10
233.8648	2.4733576179608e-09	3.719915794224395e-10
234.834	1.7998584754973e-09	2.73810228597857e-10
235.6227	2.2421272791709304e-09	3.48151059863476e-10
236.579	1.80512605109963e-09	2.861504025760425e-10
237.5182	1.91823321650785e-09	2.91818419522342e-10
238.4025	2.3470240013795603e-09	3.5704985745601003e-10
239.0946	2.8252605937848503e-09	4.21166061885098e-10
239.9034	2.1434074357315904e-09	3.1952097793340005e-10
240.7008	2.3489222918706804e-09	3.6473380906233903e-10
241.717	1.7981679548344101e-09	2.73552999774679e-10
242.7081	2.42085021895175e-09	3.608797488432605e-10
243.5155	2.2971450697103303e-09	3.64145711466702e-10
244.484	1.8266807866811702e-09	2.8029086287019e-10
245.3085	2.49812827199044e-09	3.72399852112931e-10
246.2587	1.88936647142494e-09	2.87426901032575e-10
247.0273	2.6234872536967102e-09	3.910873111239825e-10
247.7013	2.23426538271604e-09	3.3306533002483253e-10
248.6368	2.04820600880616e-09	3.1159093684706803e-10
249.71	1.7429316030221401e-09	2.5982145159102554e-10
250.5395	2.86429261981182e-09	4.2698430639861353e-10
251.397	1.7303604569552402e-09	2.579474493931005e-10
252.467	1.90899009150923e-09	2.845760080437375e-10
253.408	1.9775900071869104e-09	2.9480236706721704e-10
254.351	1.8585772684640102e-09	2.7706099418105496e-10
255.3428	2.03883038536747e-09	3.03931554854744e-10
256.2376	2.2548660018005803e-09	3.43029906060904e-10
257.0558	2.2836076313785702e-09	3.40420897331994e-10
258.229	1.47489314616771e-09	2.2437355701977399e-10
259.2014	2.2442683100008403e-09	3.3455646952669503e-10
260.1233	2.12924009882033e-09	3.1740909585469455e-10
261.127	1.4446680650659301e-09	2.243238492768075e-10
262.2385	2.1648373352379604e-09	3.22715480220475e-10
263.409	1.34667367920893e-09	2.007506646583305e-10
264.645	1.4523148547986702e-09	2.1649872736921452e-10
265.926	1.52469079422496e-09	2.27287953418478e-10
267.137	1.7794746608608501e-09	2.65268961764305e-10
268.253	1.644031263857e-09	2.4507823966647e-10
269.518	1.40010674233678e-09	2.17404495174869e-10
270.653	1.6127746966369802e-09	2.425603377638935e-10
271.797	1.5842040847277702e-09	2.361596906258955e-10
272.882	1.7404516478068301e-09	2.6477263801385547e-10
274.017	1.5201789473354e-09	2.3126284492178e-10
275.1319	2.0649488368970704e-09	3.1413798225962604e-10
275.991	1.7046497870246402e-09	2.5411469478933353e-10
277.249	1.1572098447944502e-09	1.725070048055245e-10
278.826	1.3959048599842e-09	2.08089612899715e-10
279.988	1.63483214680887e-09	2.487049256710305e-10
281.166	1.6961933114405902e-09	2.52854071802092e-10
282.321	1.44627178644597e-09	2.20019426667678e-10
283.532	1.5437425771377402e-09	2.30127961779072e-10
284.6115	1.97110151255362e-09	2.998611267598255e-10
285.653	1.6682758148859202e-09	2.537926692076165e-10
286.768	1.8436678903548202e-09	2.74838338180088e-10
287.7665	1.96179372037343e-09	2.98445137786966e-10
289.0	1.3638627822543501e-09	2.033131171166755e-10
290.228	1.6414469554081102e-09	2.446929801319625e-10
291.312	1.75472137122433e-09	2.66943513933892e-10
292.402	1.89657339789032e-09	2.827250240278955e-10
293.82	1.14772325890694e-09	1.710928286479165e-10
295.114	1.6109724167008e-09	2.450751299275665e-10
296.318	1.6628996967169402e-09	2.529747571346045e-10
297.566	1.3654495541655502e-09	2.120229710204595e-10
298.708	1.7484448045327402e-09	2.65988638371047e-10
299.818	1.6545074486047102e-09	2.516980719280645e-10
301.024	1.5375949115097802e-09	2.2921159911258e-10
302.271	1.7709725167085402e-09	2.640015555035905e-10
303.388	1.4627559656529302e-09	2.18055213497785e-10
304.875	1.2452429410578401e-09	1.83601412979763e-10
306.402	1.45551117299357e-09	2.214250130833955e-10
307.641	1.3788599611959902e-09	2.231892795230965e-10
308.947	1.41950822183085e-09	2.1160823557948402e-10
310.535	1.11744834756834e-09	1.665797461429945e-10
312.195	1.1387914852904101e-09	1.6976138260951501e-10
313.994	1.1269753948651502e-09	1.7864926319844652e-10
315.647	1.2090100761184702e-09	1.8022892834618849e-10
317.106	1.42386715007319e-09	2.16611048329535e-10
318.289	1.51300887231421e-09	2.2554647307437702e-10
319.4378	2.0840452261869403e-09	3.17043080674044e-10
320.416	1.6474265223661201e-09	2.45584316237592e-10
321.654	1.4694931318377e-09	2.23552104026422e-10
323.042	1.2440529131528601e-09	1.854528380290905e-10
324.302	1.4766395868524301e-09	2.201249162714935e-10
325.71	1.4815400665049602e-09	2.2085543904794852e-10
327.137	1.2898379909164e-09	2.002823125363145e-10
328.973	9.56731738738687e-10	1.4262147920850153e-10
330.757	1.17059745251241e-09	1.78081458484349e-10
332.169	1.6220694338087402e-09	2.418043234871885e-10
333.487	1.52011507595142e-09	2.312531728194685e-10
334.758	1.2778011416280602e-09	1.94390281587042e-10
336.279	1.2860805020827201e-09	1.95649754668469e-10
338.004	1.08328341605312e-09	1.68209099746479e-10
339.804	1.13148897879374e-09	1.686728198115435e-10
341.315	1.2027200651628102e-09	1.792913198615905e-10
342.677	1.4139448179375301e-09	2.195532135728875e-10
344.226	1.12368427945103e-09	1.67509310975885e-10
345.794	1.2377049985548602e-09	1.84506566284013e-10
347.156	1.3745547990024101e-09	2.049069947895835e-10
348.735	1.2802485311122e-09	1.9084858046962352e-10
350.233	1.5423779666425701e-09	2.299245716668465e-10
351.426	1.5786581746948901e-09	2.4512943135261e-10
352.928	1.1157909378918801e-09	1.66332626237923e-10
354.48	1.2503601567492901e-09	1.863930484040305e-10
356.012	1.4187490550303601e-09	2.1149499573710952e-10
357.231	1.6892321131061902e-09	2.5181630134893546e-10
358.463	1.4739016408922102e-09	2.197166797213965e-10
360.02	1.2058721730044e-09	1.83447756517935e-10
361.504	1.0794388978975102e-09	1.67612099522846e-10
363.082	1.22187358964628e-09	1.821464937395565e-10
364.895	1.0084691851917501e-09	1.534170628534375e-10
366.508	1.09312327295475e-09	1.6295350823047048e-10
368.163	1.3130169435761602e-09	1.99747581926015e-10
369.802	9.69222871167013e-10	1.4448350671956648e-10
371.585	1.1299429796421902e-09	1.7545423908316802e-10
373.291	1.1435970983862802e-09	1.70477731113253e-10
374.699	1.2621520121631202e-09	1.88150885022017e-10
376.413	1.2887963310890601e-09	1.9606291923870548e-10
377.974	1.2660838398082802e-09	1.9260776095286902e-10
379.458	1.34198597393368e-09	2.00051893922218e-10
381.07	1.18822900674983e-09	1.807637358824685e-10
382.553	1.4461338417713502e-09	2.2455144077375102e-10
384.175	1.07255167556349e-09	1.59886862745521e-10
385.716	1.02896872560576e-09	1.565356741940315e-10
387.478	9.96136861431384e-10	1.48495624475935e-10
389.566	9.77973895772248e-10	1.5185690863534148e-10
390.98	1.2416412059895702e-09	1.850932859883605e-10
392.719	1.12947649733584e-09	1.75381829417018e-10
394.609	1.0316155861286e-09	1.60186234810805e-10
396.458	1.1307293124639102e-09	1.685595025887225e-10
398.314	9.5434350552937e-10	1.577666972544785e-10
399.958	1.1824391355217302e-09	1.762679672998105e-10
401.678	9.86405751475009e-10	1.47045010473622e-10
403.631	9.22926709322925e-10	1.37582069488512e-10
405.879	7.88456758457002e-10	1.175364403632225e-10
408.0	9.45193373480308e-10	1.409013567823915e-10
409.817	9.4317445642765e-10	1.4348389573398598e-10
411.795	9.25647611774652e-10	1.408175962045945e-10
413.699	1.055630218213e-09	1.57364369329703e-10
415.262	1.53389831846377e-09	2.28660551743189e-10
416.785	1.1531970389032102e-09	1.719088290660855e-10
418.711	8.53160671492615e-10	1.29790212428377e-10
420.558	1.0912887597184e-09	1.6268007945381651e-10
422.462	9.59402817049465e-10	1.4595269126018801e-10
424.427	1.0456514740952e-09	1.623656992962405e-10
426.094	9.24945909009013e-10	1.40710819223338e-10
428.335	8.62589112236908e-10	1.2858748559396602e-10
430.309	1.1737181474283e-09	1.7496792026295452e-10
432.329	9.04407891911421e-10	1.43367618549401e-10
434.313	1.01105983014748e-09	1.5072017238126051e-10
436.125	1.44085496052549e-09	2.191954075333335e-10
437.998	7.63895631000499e-10	1.16210423583119e-10
439.951	1.16422330542095e-09	1.7355249123244102e-10
441.435	1.55369098849611e-09	2.3636103340736e-10
442.638	1.381501667735e-09	2.145155814322525e-10
444.349	1.06404313048142e-09	1.586185563608445e-10
446.415	1.0181142151155102e-09	1.5488442041638352e-10
447.918	1.40027921792269e-09	2.1302268022460252e-10
449.594	1.22873549611971e-09	1.831694404755625e-10
451.106	1.2204038564249102e-09	1.856584475586625e-10
452.965	9.17518690176988e-10	1.367758631162575e-10
454.852	9.49148906446594e-10	1.414910187729575e-10
457.018	8.61213674582505e-10	1.310153243980415e-10
459.191	8.46727624766317e-10	1.2622294656573952e-10
461.479	8.67294872358319e-10	1.292889184842055e-10
463.595	1.01933811263118e-09	1.519542323979715e-10
465.757	7.079513883301811e-10	1.0992864161479701e-10
467.893	9.06999777495349e-10	1.352078214187525e-10
469.9	1.07278182450235e-09	1.5992117055922853e-10
472.108	6.94216714967222e-10	1.0561026592307551e-10
474.212	1.2210040172170302e-09	1.8201688668781152e-10
476.202	9.28741935176435e-10	1.384489572198455e-10
478.287	8.47367378688026e-10	1.2890889040006651e-10
480.249	1.25667368248512e-09	1.8733421208579253e-10
482.264	7.54310734436552e-10	1.17127189186232e-10
484.64	9.22714243390619e-10	1.37550386279675e-10
486.692	9.37159634249754e-10	1.42568869773606e-10
488.567	1.09848680224993e-09	1.63753051783738e-10
490.686	9.70045847993561e-10	1.446062014864045e-10
492.435	1.07914867644405e-09	1.64169460607065e-10
494.648	9.44972421740805e-10	1.437574091656615e-10
496.483	1.13282941814428e-09	1.688726107063235e-10
498.506	7.8954106872589e-10	1.201119083214425e-10
500.851	9.37945580692117e-10	1.42688488195971e-10
503.134	7.13471648349145e-10	1.0635830939662251e-10
505.403	1.07309404958604e-09	1.59967783317783e-10
507.467	1.0708794296290102e-09	1.5963763336946001e-10
509.12	1.12690619635815e-09	1.714348523011155e-10
511.386	7.69855344974342e-10	1.147634902925085e-10
513.652	1.0396680680755501e-09	1.5816340359016652e-10
515.701	9.31510979228174e-10	1.3886176494601848e-10
517.713	9.81869945820867e-10	1.524619204695975e-10
519.858	8.54328456524115e-10	1.2996785794808202e-10
522.051	7.8227419982038e-10	1.19006393226926e-10
524.178	7.56149006245541e-10	1.1272026774502351e-10
526.522	1.09539484187939e-09	1.6664103060679151e-10
528.406	9.23854039548216e-10	1.377202850551665e-10
530.448	1.0430174536608801e-09	1.58672931324588e-10
532.432	1.0636497559291401e-09	1.585598594388245e-10
534.162	1.12591889241629e-09	1.67842462261461e-10
536.165	9.060976692256691e-10	1.378434989136815e-10
537.956	9.88657700199776e-10	1.4576993235821102e-10
539.802	1.07081110482298e-09	1.596273941499455e-10
541.862	7.64714782948657e-10	1.2641837429202952e-10
544.283	7.48289647744813e-10	1.103294874777975e-10
546.504	1.04514639623498e-09	1.58996760263503e-10
548.284	9.83107292976621e-10	1.49558868517661e-10
550.24	9.57040624762226e-10	1.4266749750145e-10
552.221	1.01429439652404e-09	1.512023631016755e-10
554.351	7.60273698293306e-10	1.15659438819014e-10
556.629	9.92640555306669e-10	1.510090897346245e-10
558.387	1.17851473693545e-09	1.7568296371261402e-10
560.158	1.02840264106548e-09	1.533055400720315e-10
562.447	8.08694215025564e-10	1.28195012055466e-10
564.708	7.315096940606441e-10	1.112835959862195e-10
567.206	8.91369756344646e-10	1.32877807938845e-10
569.316	8.72248170725882e-10	1.3269395318211e-10
571.329	1.13934623631005e-09	1.7332727795581351e-10
573.436	7.4186735126036e-10	1.1059127138461e-10
575.737	8.78009193806922e-10	1.30886110514551e-10
578.521	6.00360798104046e-10	8.94966571439109e-11
581.2	7.61366385987274e-10	1.13498011911299e-10
583.927	7.13544645752286e-10	1.0636919001520601e-10
586.518	9.21258206746166e-10	1.430502633104715e-10
588.527	8.48254114139016e-10	1.264505115628665e-10
590.638	7.42483930276451e-10	1.12953082448347e-10
593.336	6.98092032309042e-10	1.0619982548705299e-10
595.665	9.66106176780841e-10	1.440188877350185e-10
597.803	8.113829888176281e-10	1.20954125799523e-10
600.024	8.58199780180513e-10	1.2907275775260801e-10
602.124	9.56175731923553e-10	1.454618168232485e-10
604.225	8.93916975897979e-10	1.332575865677135e-10
606.222	9.01615658960475e-10	1.34405208650034e-10
608.408	8.80559960781355e-10	1.339584680204665e-10
610.949	7.89355865259983e-10	1.17670512401403e-10
612.93	1.0158282384849401e-09	1.514310710452955e-10
615.169	7.98768002717853e-10	1.240304157638035e-10
617.205	1.309318347345e-09	2.03307120260746e-10
619.031	9.40231772565564e-10	1.4016178500987e-10
621.181	9.24515999929931e-10	1.378189843887365e-10
623.456	7.902266082224201e-10	1.20216151539573e-10
625.759	7.911423459131021e-10	1.179367952446695e-10
628.22	8.543313584756791e-10	1.27356468470032e-10
630.739	9.66580434089652e-10	1.440895442011565e-10
633.097	7.239615895982531e-10	1.10135303606729e-10
635.697	7.63900108029383e-10	1.1387574278506201e-10
637.944	1.09392513156845e-09	1.630730352764185e-10
639.772	8.17890294954859e-10	1.2192413725886248e-10
642.342	6.56115292758639e-10	9.780807938335978e-11
645.184	7.27143791531556e-10	1.1061945078442301e-10
647.743	7.56330807892034e-10	1.15059645490568e-10
650.13	8.912235755519741e-10	1.328560231744245e-10
652.4	7.253352222513461e-10	1.1262788276256649e-10
654.857	7.41272759029219e-10	1.1050264316805e-10
657.278	8.45424641303239e-10	1.2602867664805952e-10
659.647	6.27737368423623e-10	9.549688068324779e-11
662.331	9.09802986354863e-10	1.356256751326795e-10
664.568	8.25878571818199e-10	1.23114940305932e-10
667.116	6.96422176978228e-10	1.059457850215675e-10
669.581	8.910497913530901e-10	1.328301037004535e-10
671.694	6.99685510274387e-10	1.0644225421548651e-10
674.264	8.40411412719925e-10	1.3322281853503752e-10
676.775	6.89706215115093e-10	1.0281557826969651e-10
679.204	7.82696754364995e-10	1.24073874388741e-10
681.485	7.06815545022851e-10	1.07526978982701e-10
684.017	6.67971937422051e-10	9.957560178735765e-11
686.861	7.15672898022096e-10	1.088744336823645e-10
689.257	8.874300458874301e-10	1.3500360606475602e-10
691.199	1.1599380791778902e-09	1.7291374209242299e-10
693.608	6.97582459921668e-10	1.06122335761885e-10
696.361	7.00462781976181e-10	1.1103807550878051e-10
699.47	5.91112072530969e-10	8.992513371902984e-11
702.408	6.11197882283881e-10	9.49050070611659e-11
705.646	6.66078662644752e-10	9.929334433726988e-11
708.414	6.15529046563738e-10	9.175783686285304e-11
711.251	7.2644656586437e-10	1.082924722579205e-10
714.089	7.6492669784327e-10	1.16367321458712e-10
716.463	8.87428068320728e-10	1.322902312695395e-10
719.546	5.98166655936845e-10	8.916963956758176e-11
722.418	7.139156114925441e-10	1.131706192571215e-10
724.851	7.4473299906956e-10	1.15640006475492e-10
727.395	6.91959660423542e-10	1.03151486713314e-10
730.026	7.34953180278415e-10	1.09560553638343e-10
732.846	6.93392908136436e-10	1.0548496022697549e-10
735.445	5.50068705767841e-10	8.541308577283589e-11
738.738	5.69640902362598e-10	9.220500352850079e-11
742.167	5.7107031327149e-10	8.867413526013194e-11
745.388	5.79617611008901e-10	8.817647359732785e-11
748.887	6.15770799419366e-10	9.561510152204625e-11
751.484	8.29051912101041e-10	1.235880182563705e-10
754.141	6.97949393143783e-10	1.061781473275045e-10
756.67	8.9966538511379e-10	1.341144752798285e-10
758.977	7.47989857274129e-10	1.11503972030591e-10
761.69	8.73793713356773e-10	1.3025772006202149e-10
763.93	7.13495109252363e-10	1.0636181736401201e-10
766.308	9.45300157247626e-10	1.40917313768403e-10
768.824	7.15451280463574e-10	1.066534216495405e-10
771.513	8.05200055499997e-10	1.224940981588745e-10
773.578	9.72821049122303e-10	1.45019905700568e-10
776.494	4.73477776387528e-10	7.058205931101449e-11
779.62	8.70227339039495e-10	1.297261070776685e-10
782.178	6.55546245382208e-10	1.01791293725454e-10
785.054	5.72813610901519e-10	8.714142166253019e-11
788.347	6.63424428870079e-10	1.05166753182411e-10
790.772	9.07966046504082e-10	1.3535188771409e-10
793.879	5.58395264612848e-10	8.324083316173994e-11
797.192	6.03080606739872e-10	8.990213923619351e-11
799.875	7.56243704275098e-10	1.198805489085335e-10
802.44	7.38921752938349e-10	1.12411231246847e-10
805.381	6.03735606976022e-10	8.999979100576875e-11
808.701	5.64272197462137e-10	8.41169264864347e-11
811.699	8.86423769361847e-10	1.34850538252958e-10
814.314	7.23177132429418e-10	1.100160221421005e-10
816.865	8.01426363886426e-10	1.219199936173345e-10
818.955	8.21671678896831e-10	1.224878749813105e-10
821.383	7.57119788367377e-10	1.12864998260822e-10
823.735	9.4607201101237e-10	1.4103240380117752e-10
825.865	9.43497843834302e-10	1.43533126710623e-10
828.15	8.48899351096399e-10	1.3181459078424302e-10
830.482	8.20665840708568e-10	1.248468179287845e-10
832.755	8.04113713466208e-10	1.1987047329208748e-10
835.753	7.39765842600695e-10	1.148687155743115e-10
838.078	9.32058328820445e-10	1.4179288360405053e-10
840.505	6.81723135815336e-10	1.0162550974804501e-10
843.164	7.209371060856101e-10	1.0967518852533901e-10
845.942	6.91319215179124e-10	1.0305595485072001e-10
848.927	7.763304484523481e-10	1.181021095390485e-10
851.312	1.00647024511123e-09	1.5003600256700252e-10
853.689	7.51910333995818e-10	1.1438710089949901e-10
856.283	7.723419582565301e-10	1.199270001374605e-10
858.687	7.473683638230701e-10	1.1369620073864451e-10
861.276	9.39133574662653e-10	1.4286918511170452e-10
863.509	1.0964704504128301e-09	1.66804613766931e-10
865.476	8.47993303557964e-10	1.290041570301745e-10
868.144	9.70158902544382e-10	1.44623075466769e-10
870.257	8.77625434827277e-10	1.3351202544180798e-10
872.531	9.042874451391e-10	1.34803507600253e-10
874.564	1.16679435996468e-09	1.7393579845589402e-10
876.687	9.58023781603125e-10	1.42814059343592e-10
878.996	9.287130906452801e-10	1.412839624054775e-10
880.935	1.3990178775134701e-09	2.12830773311938e-10
883.167	9.21843917364791e-10	1.4023894158932602e-10
885.444	9.32803770872985e-10	1.4190620662745048e-10
887.818	8.42037991692777e-10	1.2809820330105e-10
890.092	7.760137536543901e-10	1.180540102578605e-10
892.541	8.78850792840865e-10	1.336985030819075e-10
895.05	8.82272425327866e-10	1.342189844666395e-10
897.389	7.987211640627851e-10	1.190665977352655e-10
899.63	8.79651599435991e-10	1.322990816270795e-10
901.745	8.05769774930035e-10	1.2258073855878501e-10
904.065	8.16147108409016e-10	1.21664239671139e-10
906.536	8.01290089074252e-10	1.194495079768855e-10
908.591	1.2443647006492e-09	1.93221380841309e-10
910.377	8.985538213671901e-10	1.32484837922576e-10
912.896	7.77117621859041e-10	1.18221907101746e-10
915.261	9.20566923874923e-10	1.372302722656155e-10
917.588	7.53789014725262e-10	1.194914039539485e-10
919.858	1.1833637345256e-09	1.764058158894895e-10
921.974	8.82608082884776e-10	1.49049648578113e-10
924.603	8.05435737175363e-10	1.2006749417685452e-10
927.015	1.00059927249109e-09	1.49160791783041e-10
929.18	7.265282773883601e-10	1.08304637294007e-10
931.965	5.42006191635115e-10	8.416114454754203e-11
934.828	6.53911285038647e-10	9.947866503674215e-11
937.558	1.1767467860946101e-09	1.754194236967825e-10
939.58	8.33831681173808e-10	1.24300501547471e-10
941.309	9.94622373697266e-10	1.51310634491872e-10
943.658	8.96448315336212e-10	1.336348518250975e-10
946.036	7.644568334245281e-10	1.21182479688209e-10
948.576	9.03210483804331e-10	1.346429789277765e-10
951.052	8.19102230500154e-10	1.2984489660862752e-10
953.234	9.704087215550502e-10	1.446603079764865e-10
955.213	1.0011024944333702e-09	1.4923585031620552e-10
957.522	8.166603813128891e-10	1.21740810155984e-10
960.038	8.98042258714976e-10	1.36617966262678e-10
962.067	9.29901467862209e-10	1.41464698705599e-10
964.96	5.57187720295065e-10	8.47642446364427e-11
967.861	8.96193621165868e-10	1.3633682487116852e-10
969.757	1.27829222581765e-09	1.90557002145927e-10
972.06	8.16053736295901e-10	1.2414526869926449e-10
974.709	7.949692670324031e-10	1.185073110718535e-10
977.064	8.132799164884111e-10	1.2628377782269701e-10
979.608	7.84393040103246e-10	1.1932870108335e-10
981.705	1.03002053902864e-09	1.535467495581295e-10
983.799	7.31821922634242e-10	1.1363522709813399e-10
986.391	7.442991081603921e-10	1.132292629971915e-10
988.688	8.86090520984729e-10	1.3209088530098501e-10
991.197	6.30578539291481e-10	9.592909680499734e-11
994.15	6.02421738234295e-10	8.980390683643734e-11
997.184	8.70008870561648e-10	1.3235330773567949e-10
999.357	8.18213768808423e-10	1.219723364557395e-10
1002.532	6.80581787119265e-10	1.0145536450492e-10
1005.032	8.26023004507941e-10	1.256618203657285e-10
1007.291	8.09952862766316e-10	1.232171064208125e-10
1009.521	7.13635889333872e-10	1.0856453069312301e-10
1012.434	8.625774201376701e-10	1.28585734929242e-10
1015.102	6.78672202778977e-10	1.032455438746205e-10
1017.736	9.01583984098696e-10	1.371567945855005e-10
1020.207	8.316399291901e-10	1.26516303842277e-10
1022.242	8.23247992090881e-10	1.227228022512225e-10
1025.148	7.86817793993851e-10	1.17292087539713e-10
1027.441	6.72928341736976e-10	1.003144511600395e-10
1030.177	8.34069819968894e-10	1.2433602594184902e-10
1032.558	7.72463025964139e-10	1.1515223501134849e-10
1035.483	5.3978182585246e-10	8.211632371079059e-11
1038.453	6.2743076295193e-10	9.545020247337099e-11
1040.994	8.45713251747273e-10	1.2865724586453302e-10
1043.426	8.04040614248729e-10	1.223176458835545e-10
1045.806	7.888760042416921e-10	1.17598912146359e-10
1048.588	6.58399949687134e-10	9.814865729974939e-11
1051.295	7.69594655640523e-10	1.195004258430085e-10
1053.806	6.0197099862086e-10	8.973672887721479e-11
1056.893	6.62086096953892e-10	1.0072234133078051e-10
1059.755	8.60593650697865e-10	1.2829004383658399e-10
1062.571	6.01383321535094e-10	9.14876939313519e-11
1065.5	6.49175811514898e-10	1.050789116714445e-10
1068.249	7.291679344668361e-10	1.086981727620495e-10
1070.86	6.87358493394217e-10	1.0246556720089799e-10
1073.462	8.03574150323465e-10	1.19790032780812e-10
1076.417	5.614734476550101e-10	8.9005343309273e-11
1079.733	6.71484445758758e-10	1.021521265969585e-10
1082.642	8.55471816561568e-10	1.275264789309545e-10
1085.448	6.9626945538661e-10	1.037939245814985e-10
1088.447	7.95661604442228e-10	1.1861048345828351e-10
1091.225	5.88962703175062e-10	8.779753580700379e-11
1094.488	6.35289923139017e-10	1.0070682435305e-10
1097.761	6.61602105041922e-10	9.862600003747585e-11
1100.904	5.92974414082421e-10	8.839560299805994e-11
1103.918	7.36819601086699e-10	1.1209142601535501e-10
1106.555	7.96057638994013e-10	1.2360949172276302e-10
1109.119	6.038088773992141e-10	9.001071124959145e-11
1112.685	5.441361980697701e-10	8.277870992846988e-11
1115.718	5.97379338495856e-10	9.087858003768059e-11
1119.052	5.92153635290293e-10	9.00835771883945e-11
1122.195	7.03657629130528e-10	1.070465133241755e-10
1124.982	5.92882630225734e-10	8.838188608790903e-11
1128.04	7.09160541255535e-10	1.0571564898551e-10
1130.828	6.3783380593713e-10	9.703283826422219e-11
1133.792	6.782680795730091e-10	1.0111043403997351e-10
1136.245	7.76642933095118e-10	1.2571137645866352e-10
1138.757	7.26288110072128e-10	1.10489286704609e-10
1141.572	6.76565749515994e-10	1.029250792462615e-10
1144.379	7.03526270265154e-10	1.048757568721145e-10
1147.085	6.41027744266939e-10	9.95369598256894e-11
1150.154	6.24035407625403e-10	9.302590022147115e-11
1152.717	9.097981108026301e-10	1.35624994703487e-10
1155.376	6.37995641497784e-10	9.510699101037424e-11
1158.11	6.59636036064619e-10	9.920890483157909e-11
1160.821	7.39556729279204e-10	1.1024689038098901e-10
1163.639	6.64715264413323e-10	9.909009113666233e-11
1166.629	7.28149592900063e-10	1.085463845623505e-10
1169.501	6.87093281044525e-10	1.04526647785277e-10
1172.569	8.64729824197707e-10	1.31550253482878e-10
1175.565	5.50319757783697e-10	8.723728683678899e-11
1178.648	7.02748132161562e-10	1.069082021533745e-10
1181.475	6.26399557635538e-10	9.337832324270874e-11
1185.077	4.97332329745815e-10	7.722431344552379e-11
1188.905	6.30447798360308e-10	9.590919648151885e-11
1193.027	4.87592294739997e-10	7.268608453309914e-11
1196.172	6.49197329340942e-10	9.87615499157931e-11
1199.285	5.11326624011624e-10	7.622422105684334e-11
1202.505	6.91433907022231e-10	1.03073114700477e-10
1206.106	5.51490670440047e-10	8.221152985769845e-11
1209.622	5.70651430760757e-10	8.681251884801365e-11
1213.088	6.16440683906054e-10	9.771882705308464e-11
1216.654	5.16710084455219e-10	7.702676800091955e-11
1220.333	5.83552414931387e-10	9.061233865130824e-11
1224.349	4.67914911731859e-10	7.265652120734599e-11
1228.656	4.829452061595101e-10	7.34698725940523e-11
1232.257	5.96217210929629e-10	9.070180610559195e-11
1235.459	6.649557826815231e-10	9.912602980850709e-11
1238.935	6.65479372668819e-10	9.920406416872794e-11
1242.101	7.89256701006946e-10	1.2255352591834e-10
1245.69	5.5377248441605e-10	8.424474737244009e-11
1249.506	4.3086068564489803e-10	6.690283967633189e-11
1253.209	5.45425854121343e-10	8.297493457974909e-11
1256.484	5.80670488378329e-10	8.833668734515514e-11
1259.696	6.32375798060383e-10	9.426926467965754e-11
1263.008	6.22878547848958e-10	9.285346310016414e-11
1266.24	5.66427410629199e-10	8.795319836990439e-11
1269.765	5.30600860202683e-10	8.588579922341074e-11
1274.177	5.93368201488669e-10	8.845427534976035e-11
1277.389	7.20226451925656e-10	1.2983864398276e-10
1281.113	5.28010191976202e-10	8.916728035660565e-11
1284.566	5.98362871915992e-10	8.919889162811304e-11
1288.186	6.95041823927491e-10	1.057358261609445e-10
1291.512	7.66412217268044e-10	1.14250240968088e-10
1294.745	5.69225510017519e-10	8.48553441404279e-11
1298.23	5.41321976736759e-10	8.069569075525105e-11
1301.516	6.5343349474941e-10	9.940603563878585e-11
1305.074	4.5863686440310903e-10	6.83696746393804e-11
1309.035	5.3367094434333e-10	7.955513903368665e-11
1312.126	5.67945717700264e-10	8.818897513223305e-11
1315.476	3.72405075433095e-10	6.34067539525353e-11
1319.238	6.66975120359513e-10	9.94269808346187e-11
1323.195	4.18603700758575e-10	6.36816441642117e-11
1327.973	4.25178351994728e-10	6.338200569884709e-11
1331.816	5.28190317871943e-10	8.03529427748467e-11
1335.54	6.70940765237486e-10	1.000181796891215e-10
1338.816	5.70974375264483e-10	8.686160810907649e-11
1342.548	5.730029585343841e-10	8.541838725913594e-11
1346.143	5.05158348239781e-10	7.530472712705495e-11
1350.175	5.18275181438906e-10	7.88445503314624e-11
1353.57	5.89267305218701e-10	8.784299048948689e-11
1356.982	4.75749221630651e-10	7.09206483443833e-11
1361.107	3.65353098775317e-10	6.87712999225049e-11
1365.004	4.53882677760595e-10	6.766099928441875e-11
1368.697	5.31041479182961e-10	8.41812373953746e-11
1372.429	4.89762310056856e-10	7.300962013734404e-11
1376.251	5.43245544423762e-10	8.611582445519104e-11
1380.261	5.07529875838086e-10	7.565821449989324e-11
1384.658	5.03699565440241e-10	7.662718545619034e-11
1389.101	4.31101080991616e-10	6.574244670201985e-11
1393.414	4.88185661953313e-10	7.277459351984264e-11
1398.109	4.90333913331009e-10	7.61376541115189e-11
4882.999	8.661706950326709e-11	1.95823226340844e-11
4919.476	7.918546947165129e-11	1.78037733999787e-11
4961.288	9.4521110370239e-11	1.99221488583224e-11
5005.346	8.52349615089221e-11	1.87462372974508e-11
5037.076	1.09448180794189e-10	2.4675763261730097e-11
5061.648	9.24917067993429e-11	2.07954907575284e-11
5096.998	8.158689053790939e-11	1.8343699793238798e-11
5136.597	6.00541654925365e-11	1.3483821100852399e-11
5183.966	8.87218617571996e-11	1.94366245810984e-11
5220.621	9.39192943629856e-11	2.06562354737474e-11
5254.328	8.94324807005862e-11	2.0163100270530002e-11
5287.432	1.1321242586923701e-10	2.5384478885587697e-11
5325.408	7.043331794112829e-11	1.58359670898832e-11
5368.543	8.63745508062767e-11	1.9340380761456697e-11
5407.152	9.0484550108318e-11	2.0456684303678897e-11
5444.636	9.480965261506739e-11	2.13166518288701e-11
5490.512	6.2998987858816e-11	1.4203511510517199e-11
5534.387	6.12761744220181e-11	1.3758195783610699e-11
5589.166	4.9022810247932696e-11	1.1067748378432399e-11
5645.309	6.491721666631889e-11	1.4221656182043198e-11
5687.351	9.05040532518026e-11	2.02928044803418e-11
5721.07	6.876183472940449e-11	1.55027751520349e-11
5774.012	5.96160935477814e-11	1.3077408330889898e-11
5826.296	5.6299212513208e-11	1.2366001669593399e-11
5892.907	4.4957557692949896e-11	1.0163972147063899e-11
5937.459	1.24520789786765e-10	2.7881813762880298e-11
5977.314	6.540600756395619e-11	1.4645249877751e-11
6028.841	5.1098858432885e-11	1.1536446746097798e-11
6081.37	5.8389362559778e-11	1.3200624430264298e-11
6121.362	6.713725652423239e-11	1.5053506477646e-11
6166.747	7.846725956156779e-11	1.7715343627188798e-11
6208.497	9.5522250446563e-11	2.1447387835330298e-11
6247.729	6.51080293805785e-11	1.4658799064015898e-11
6301.626	6.2107327648588e-11	1.3659638605095799e-11
6363.937	5.708340661489849e-11	1.27992338435097e-11
6418.354	6.12333415328867e-11	1.3710934879965799e-11
6474.393	4.78736668643117e-11	1.0838219967448399e-11
6521.026	6.50681753952174e-11	1.46296911201908e-11
6566.646	4.928310273454149e-11	1.1095887752038199e-11
6635.603	4.61603379346253e-11	1.0364279218119699e-11
6693.599	5.096126211744459e-11	1.1208219408784599e-11
6763.149	5.7074743322836096e-11	9.431817771072039e-12
12377.875	2.83448871735465e-11	6.223498796314969e-12
12457.921	1.7299454592726798e-11	3.89963722379133e-12
12525.14	3.2202313156034394e-11	7.2355711149360795e-12
12589.197	2.8388423648423198e-11	6.39930922242701e-12
12649.005	3.39183218641737e-11	7.596587009485229e-12
12707.871	2.15131673769498e-11	4.71623284952758e-12
12784.779	3.64487307231012e-11	8.18970598599454e-12
12828.953	2.80976687577673e-11	6.18829223904104e-12
35142.756	1.82901054168827e-11	4.10726465782736e-12
35275.985	8.252395177402119e-12	1.86512596381764e-12
35469.186	9.361779013723639e-12	2.1045482136449498e-12
35667.062	9.68642874603462e-12	1.69827855712769e-12
51695.371	4.08177484494945e-12	9.31934555503769e-13
51893.574	5.03217141296675e-12	1.1413362144387499e-12
52067.577	4.5642301297034e-12	1.0329284527482899e-12
52285.175	3.6602330801863794e-12	9.66042484920677e-13
52445.943	6.03000860221619e-12	1.3661493467915399e-12
52605.437	3.56982014375147e-12	9.4637961755117e-13
52857.994	5.9745389557380294e-12	9.944637712298099e-13
56843.436	3.7297902927271e-12	9.14507232455775e-13
57050.521	6.68003964638088e-12	1.50007317848153e-12
57255.349	4.71844589209304e-12	1.0694594840451399e-12
57503.578	4.27249135708783e-12	9.62855856772821e-13
57749.902	3.0156116223503798e-12	7.89053057576453e-13
57992.479	4.22913596146627e-12	9.57867867127291e-13
58214.034	5.60832526743493e-12	1.2666117830998699e-12
58461.975	2.90685483646805e-12	7.41808799056727e-13
67808.391	3.0136954765362798e-12	7.9751736652384e-13
68074.509	2.98280691835895e-12	7.816936191547799e-13
68383.773	2.85162891404363e-12	7.50623098999105e-13
68655.245	3.76154965335433e-12	9.89262614451518e-13
68846.804	3.3744603583166697e-12	8.82777411336671e-13
69112.878	2.3343950023416697e-12	6.11228233893364e-13
69433.68	4.10050229424893e-12	9.06039877958789e-13
73625.296	2.90349609664505e-12	7.65655243391861e-13
73883.536	3.05609820168167e-12	8.01020044090917e-13
74137.78	2.62286835253886e-12	6.98027181931067e-13
74399.379	2.89413533669389e-12	7.63961974127577e-13
74627.895	3.4315282291718097e-12	9.02151833167034e-13
74835.165	3.50861147870606e-12	9.15931194123225e-13
76560.678	2.00671880736783e-12	4.30311349926806e-13
122832.511	1.3784963944247398e-12	2.5323195447531897e-13
131302.838	1.12071246163684e-12	2.45482503746782e-13
137310.389	1.07469880382281e-12	2.10842236612952e-13
231093.029	2.68218878030008e-13	5.55306936661292e-14
371742.22	8.17104174521227e-14	2.0359352179405e-14
759645.214	2.08946210442204e-14	7.792124051873575e-15
