time_sec	flux	flux_err
0.020999927520752	4.72155369770773e-08	7.4138261056969304e-09
0.0610000085830689	5.1508318529978e-08	7.79100876023369e-09
0.100999970436096	4.93565812480885e-08	7.88210842990158e-09
0.140999932289124	5.24083657033503e-08	8.507997888876181e-09
0.18100001335144	5.70747396917201e-08	9.080817306001712e-09
0.220999975204468	7.18654693801352e-08	1.01388828499518e-08
0.260999937057495	7.68443725457536e-08	9.982548007652062e-09
0.301000018119812	6.67948505103296e-08	9.07809320540188e-09
0.340999979972839	5.81206452922511e-08	9.32896523506867e-09
0.380999941825867	2.99406726859222e-08	8.52308517351009e-09
0.421000022888184	5.08768026361035e-08	8.51084352551593e-09
0.480999965667725	2.91454035465404e-08	5.5382276039508e-09
16.0209999752046	8.35449069384712e-09	1.4680853655372701e-09
47.0209999752046	1.52907643042405e-08	2.50397701694785e-09
58.0991264845352	5.1810006310186e-09	7.723387300186405e-10
58.8842725405954	6.655477425383751e-09	9.92140762682369e-10
59.6515593356883	4.48247274040423e-09	6.682081246092595e-10
60.314398465001	6.426231320436661e-09	9.579668161261656e-10
60.822371502491	6.80311820000616e-09	1.014149811100005e-09
61.4128130867779	5.27362977004464e-09	7.86146935327162e-10
62.0363256336764	6.441663890171391e-09	9.60267296447062e-10
62.6221679953494	6.01007123734412e-09	8.959292128458325e-10
63.2445458767208	6.18209933794456e-09	9.215736677402511e-10
63.9157311304071	5.646483637982861e-09	8.417287477004956e-10
64.7690674253993	4.585285448439071e-09	6.83534530396347e-10
65.6952351288659	6.45712028935084e-09	8.135216048811531e-10
74.2923	3.5443998757323703e-09	5.283684368788321e-10
75.0294	3.895080728065961e-09	5.80644805492951e-10
76.0335	3.89907276023522e-09	5.812399260112181e-10
76.8515	5.928310893438261e-09	8.83741064065164e-10
77.5442	4.428599481926171e-09	6.737164098617806e-10
78.2817	5.657959173002631e-09	8.43439284672382e-10
79.071	5.153237685781211e-09	7.750428421571941e-10
79.905	3.82708609159689e-09	5.94258167164245e-10
80.8461	4.484926211650671e-09	6.822853205738466e-10
81.6976	6.3781057291120905e-09	9.507927188270605e-10
82.5272	5.41937129441879e-09	8.244410597202525e-10
83.5049	5.0732197263671305e-09	7.562716082469e-10
84.4394	5.33741188639011e-09	7.956550450899005e-10
85.316	6.791734968928391e-09	1.0124529493915601e-09
86.271	3.6534385610969502e-09	5.557922426701691e-10
87.4247	5.181986403669631e-09	7.724856334004874e-10
88.374	4.1204619970556505e-09	6.142427409200075e-10
89.472	3.5327729521725e-09	5.2663521390361e-10
90.795	2.9913718327445603e-09	4.55073040809811e-10
92.143	3.10620033098487e-09	4.6304546373127403e-10
93.258	3.7663159013922e-09	5.729641329608445e-10
94.3613	5.09264856132789e-09	7.591679457314815e-10
95.3879	4.640810711373441e-09	6.918117674729315e-10
96.2832	4.542272856835861e-09	7.053101113405601e-10
97.2336	4.3891043778980705e-09	6.5428964766169e-10
98.244	3.3651693120619804e-09	5.016503400855835e-10
99.39	3.4533606899402103e-09	5.36227213474623e-10
100.481	3.44460464145988e-09	5.134917804865025e-10
101.671	3.29247062528988e-09	5.112447217748996e-10
103.079	3.9119991200986e-09	5.831669653693595e-10
104.099	3.71979112095222e-09	5.545142331160295e-10
105.459	2.1980920349489603e-09	3.276725436211675e-10
106.937	2.65330478090878e-09	3.95531690403187e-10
108.138	3.2992552538368204e-09	4.918243355163895e-10
109.222	2.3696085709497403e-09	3.6048508433041103e-10
110.539	2.7806901235628803e-09	4.145211844589895e-10
111.672	2.9688413313116303e-09	4.4256907320489903e-10
113.236	1.7745230294457502e-09	2.64530538977197e-10
114.981	2.2890103113867303e-09	3.41225749955499e-10
116.172	3.2571930128888104e-09	4.855540622602124e-10
117.333	3.0514005737966803e-09	4.5487638450288204e-10
118.731	2.4026377651205303e-09	3.655098087144995e-10
120.102	2.7790720514683802e-09	4.179702362124675e-10
121.426	3.02175533057918e-09	4.5045713109260803e-10
122.85	2.3258745858813e-09	3.6115469922260996e-10
124.099	2.6956279512184303e-09	4.0184087946796903e-10
125.47	2.2956377168136e-09	3.492320305419015e-10
127.144	2.80818354694537e-09	4.27204918758957e-10
128.41	2.31396620189298e-09	3.59305617733412e-10
129.835	2.1999476760117603e-09	3.279490942562275e-10
131.334	2.6682465433759e-09	3.977590945714745e-10
132.613	2.76791556070606e-09	4.21078946874645e-10
133.616	2.5007533845482e-09	4.0478437255954647e-10
135.07	2.1721533445879103e-09	3.3044653745619754e-10
136.698	1.70485881510248e-09	2.541455775375115e-10
138.351	2.41029110357487e-09	3.59305300528511e-10
139.871	1.4899861664223502e-09	2.22114245156631e-10
141.597	1.93084403334696e-09	2.93736525210831e-10
143.096	1.34534137048279e-09	2.005518095733665e-10
144.952	1.5270421287487401e-09	2.3230664272495852e-10
147.109	1.0805927113326502e-09	1.610853807358385e-10
149.273	1.3145299172081201e-09	1.999775380909425e-10
150.968	1.5346630610168e-09	2.33466084101715e-10
152.875	1.1901138829652e-09	1.774118368673085e-10
154.912	1.67725255361937e-09	2.500302566632215e-10
156.872	1.3585420433311702e-09	2.02519622818215e-10
159.041	1.2873475011068102e-09	1.9190656649911552e-10
161.27	1.2128425769706502e-09	1.92260792667525e-10
163.318	1.14957591432328e-09	1.71368811334513e-10
165.794	7.85810603377437e-10	1.1954422772829101e-10
168.858	1.1707887263396102e-09	1.74531058649386e-10
170.989	1.26736749642978e-09	1.92802750082782e-10
173.058	1.24286687663658e-09	1.92988516196622e-10
175.007	1.41315078004634e-09	2.10660273837298e-10
177.341	7.617155361086851e-10	1.18276813723209e-10
180.852	5.75281153932585e-10	8.7516665249438e-11
183.999	7.526740453763461e-10	1.1220210649905701e-10
187.129	6.89593698642859e-10	1.0490690641380601e-10
190.456	9.035196890035131e-10	1.37451177064391e-10
193.848	8.317429946058561e-10	1.2653180424563052e-10
197.709	7.34415756663272e-10	1.11725594762212e-10
201.317	8.89226235039633e-10	1.32558145615394e-10
204.434	8.48047494790431e-10	1.29012214678012e-10
207.624	6.33579119118159e-10	9.638549608676344e-11
211.602	7.55335349475509e-10	1.12598871188513e-10
215.272	6.42103861885387e-10	9.571929161915209e-11
218.532	5.58948847856897e-10	8.503210017378549e-11
222.764	3.80479444425378e-10	7.16185243845006e-11
226.281	4.34439795842733e-10	7.24066842674984e-11
230.437	2.96799547649099e-10	5.418795072469539e-11
258.596	1.6072470006157001e-10	3.52013688221436e-11
284.307	1.73583865192614e-10	3.80874354068669e-11
308.783	1.99389130106837e-10	4.4799169698380896e-11
359.622	3.75706407542595e-11	8.484475257192049e-12
513.883	2.40249258677599e-12	6.35999676322554e-13
813.502	1.9732230257151797e-12	5.16981717740709e-13
1056.503	1.54004790492212e-12	4.11357293849473e-13
3494.994	5.7505979780493e-14	1.2867077660764801e-14