time_sec	flux	flux_err
0.020999927520752	4.88116151979908e-07	4.80217555282715e-08
0.0610000085830689	4.8672993062302e-07	5.58722236494957e-08
0.100999970436096	2.11590434130788e-07	2.4053415144627e-08
0.140999932289124	1.05092899796735e-07	9.01338880588568e-09
0.18100001335144	9.82903822718018e-08	7.76443111699689e-09
0.220999975204468	2.40808568244897e-07	1.76471289633146e-08
0.260999937057495	2.81437212982669e-07	1.92499673197329e-08
0.301000018119812	2.57412475336639e-07	1.49252037167177e-08
0.340999979972839	2.36279757906908e-07	1.32465186068467e-08
0.380999941825867	1.92802639189439e-07	1.06905535355115e-08
0.421000022888184	2.69617776918967e-07	1.38468975473961e-08
0.460999984741211	1.99834634013472e-07	1.00405273265402e-08
0.500999946594238	1.99596483588488e-07	8.757424312281081e-09
0.541000027656555	5.14952568857093e-07	2.26711005468508e-08
0.580999989509583	8.14302656384875e-07	3.51384094731478e-08
0.62099995136261	3.87591253709609e-07	1.67795342454352e-08
0.660999913215637	5.64232357350327e-07	2.45450142226814e-08
0.700999994277954	7.18194964232177e-07	3.02375630062194e-08
0.740999956130981	3.70153712632102e-07	1.63695050156534e-08
0.780999917984009	3.0815350530507e-07	1.27332986543596e-08
0.820999999046326	3.49655107689284e-07	1.45467469675729e-08
0.860999960899353	4.02730881503169e-07	1.74923439636603e-08
0.90099992275238	6.08330343210977e-07	2.50854590973618e-08
0.941000003814697	4.82189519317976e-07	2.05504966765742e-08
0.980999965667725	5.28843388899114e-07	2.30812027562023e-08
1.02099992752075	5.30894041871961e-07	2.4342522694498e-08
1.06100000858307	3.46882380472557e-07	1.44020972745099e-08
1.1009999704361	3.33730382559959e-07	1.39399710584883e-08
1.14099993228912	9.4966948455894e-07	4.16150566272163e-08
1.18100001335144	8.6583125447761e-07	3.3419965999029e-08
1.22099997520447	3.92955195654386e-07	1.59668872346808e-08
1.2609999370575	9.71386007389808e-07	3.8242803194527e-08
1.30100001811981	1.48435522737213e-06	5.48950873834039e-08
1.34099997997284	7.65581541316451e-07	3.22157810538125e-08
1.38099994182587	5.54362389591713e-07	2.444996886316e-08
1.42100002288818	5.78782495561846e-07	2.44631464116159e-08
1.46099998474121	4.22580432610213e-07	1.74481527641337e-08
1.50099994659424	3.056074880354e-07	1.18887553397729e-08
1.54100002765656	2.95555298779218e-07	1.20718379007218e-08
1.58099998950958	6.94352402024256e-07	2.73093154328184e-08
1.62099995136261	1.087519227753e-06	4.27558382983708e-08
1.66099991321564	9.03044799713577e-07	3.55573057130308e-08
1.70099999427795	6.98213865301529e-07	2.91666773698506e-08
1.74099995613098	6.24113325988784e-07	2.52252065062006e-08
1.78099991798401	5.2415749225591e-07	2.13539814123227e-08
1.82099999904633	9.365853079724e-07	3.81374191953246e-08
1.86099996089935	7.15220232833544e-07	2.97748855419168e-08
1.90099992275238	2.31250368910086e-07	9.274517049369e-09
1.9410000038147	3.77910787985132e-07	1.62174185683397e-08
1.98099996566772	5.15968843872426e-07	2.26540880909801e-08
2.02099992752075	9.23007062295132e-07	4.01109248995198e-08
2.06100000858307	6.85094328195805e-07	2.99498449918117e-08
2.1009999704361	5.24000685831114e-07	2.50389502970228e-08
2.14099993228912	6.16888830740229e-07	2.74560153383143e-08
2.18100001335144	7.48433829135096e-07	3.46076211509421e-08
2.22099997520447	6.16399994406275e-07	2.88964013744758e-08
2.2609999370575	5.84925493739542e-07	2.65185274529548e-08
2.30100001811981	7.0041878928492e-07	2.88496834700924e-08
2.34099997997284	8.77475039377371e-07	4.01879650635118e-08
2.38099994182587	6.62917837783502e-07	2.79127619042756e-08
2.42100002288818	5.46392009202304e-07	2.35155995465939e-08
2.46099998474121	6.86067404865574e-07	2.906785034595e-08
2.50099994659424	7.27151977561935e-07	3.05030862574181e-08
2.54100002765656	8.73376471549453e-07	3.87421672471761e-08
2.58099998950958	4.70155301669676e-07	2.09450868679298e-08
2.62099995136261	2.54574089237642e-07	1.07219751631487e-08
2.66099991321564	3.58032036358101e-07	1.65095294158725e-08
2.70099999427795	8.53753948666741e-07	3.88325291506622e-08
2.74099995613098	9.13816776762156e-07	4.17133014766434e-08
2.78099991798401	5.22046208343233e-07	2.31993822686454e-08
2.82099999904633	7.3514382185993e-07	3.30883080599494e-08
2.86099996089935	1.06028382732596e-06	4.97040047694706e-08
2.90099992275238	4.63463224131659e-07	2.26225718682847e-08
2.9410000038147	1.63615955222454e-07	7.570679355443571e-09
2.98099996566772	3.72928061358794e-07	1.78045794232938e-08
3.02099992752075	1.13723147784745e-06	5.3544752792608e-08
3.06100000858307	6.47764293451887e-07	3.25986465339397e-08
3.1009999704361	7.10969927159326e-07	3.55780667138846e-08
3.14099993228912	9.15265139849037e-07	4.97965193867578e-08
3.18100001335144	2.12791908950797e-07	1.16606940739777e-08
3.22099997520447	1.66554787092032e-07	9.02200432925117e-09
3.2609999370575	2.21385934616969e-07	1.20691072724906e-08
3.30100001811981	5.09300266393293e-07	2.69245695049782e-08
3.34099997997284	8.38033011973794e-07	4.28951081763664e-08
3.38099994182587	7.84881453222858e-07	3.96277245389716e-08
3.42100002288818	6.11451703854578e-07	3.1885564609758e-08
3.46099998474121	3.24688828245488e-07	1.76355437614371e-08
3.50099994659424	5.1222711876557e-07	3.1097159922014e-08
3.54100002765656	1.05887298149951e-06	6.29183110540732e-08
3.58099998950958	1.3373466848115e-06	7.66351053291782e-08
3.62099995136261	1.19755669131315e-06	7.0341161911071e-08
3.66099991321564	9.80892612773238e-07	5.56827647641206e-08
3.70099999427795	8.59308309179269e-07	4.98444391421978e-08
3.74099995613098	4.95025760080139e-07	2.93815697556617e-08
3.78099991798401	3.22971862511701e-07	2.00273395012989e-08
3.82099999904633	4.47027351472233e-07	2.68366032874358e-08
3.86099996089935	6.98812245919929e-07	3.82573707488593e-08
3.90099992275238	3.14185986801725e-07	1.93126477733981e-08
3.9410000038147	2.27446857472284e-07	1.38854344780853e-08
3.98099996566772	3.63092759970255e-07	2.14989001057722e-08
4.02099992752075	4.9144555567771e-07	3.07130792934901e-08
4.06100000858307	1.21905649675358e-06	7.81454515140985e-08
4.1009999704361	1.36139051134672e-06	8.50155272732546e-08
4.14099993228912	9.2099414785846e-07	6.12483692727354e-08
4.18100001335144	7.30981230262265e-07	5.01912305502946e-08
4.22099997520447	2.24817258921626e-07	1.61519613852068e-08
4.26099993705749	8.47128596338021e-08	6.67548428648949e-09
4.30100001811981	2.51493669912881e-07	1.8616766270818e-08
4.34099997997284	2.05673981332204e-07	1.64850275780401e-08
4.38099994182587	8.0115273292592e-08	6.04668718865038e-09
4.42100002288818	3.60151932712749e-07	2.90759329939205e-08
4.46099998474121	6.70705455597454e-07	4.70883441478485e-08
4.50099994659424	4.16823534631869e-07	3.47559568798865e-08
4.54100002765655	3.42443872047577e-07	2.41821815715293e-08
4.58099998950958	1.65805642960396e-07	1.32045132974709e-08
4.62099995136261	2.02866540730774e-07	1.52556981627808e-08
4.66099991321564	9.96828280109723e-07	8.15672630876597e-08
4.70099999427795	2.11966427949049e-06	1.66722385136572e-07
4.74099995613098	3.82115792613562e-07	3.11588485711897e-08
4.78099991798401	1.97763806938261e-07	1.50451853381942e-08
4.82099999904633	2.56766706231025e-07	2.06577738646753e-08
4.86099996089935	9.48736605164346e-08	9.09884151710544e-09
4.90099992275238	2.71157911193494e-07	2.25304410228648e-08
4.9410000038147	1.37113227470211e-06	1.1854648794535e-07
4.98099996566772	1.98200293160662e-07	1.7535687038639e-08
5.02099992752075	5.9490190676469e-08	5.37701203437691e-09
5.06100000858307	3.29806267526287e-07	2.59019932448624e-08
5.1009999704361	3.84699895031244e-07	3.56259580857847e-08
5.14099993228912	4.36899167901168e-07	3.80353585516486e-08
5.18100001335144	5.09210873998586e-07	4.39160846358497e-08
5.22099997520447	4.1381360743822e-07	3.77958841488366e-08
5.26099993705749	9.97272512844112e-07	8.78813269549938e-08
5.30100001811981	2.01913935323457e-07	1.97425197169673e-08
5.34099997997284	1.15065143163034e-07	1.20763784056523e-08
5.38099994182587	2.004927866941e-07	2.14747379473537e-08
5.42100002288818	2.92693959584316e-07	2.80960934557402e-08
5.46099998474121	2.10376952640783e-07	1.95745732505795e-08
5.50099994659424	2.34751005178026e-07	2.36138981488296e-08
5.54100002765655	7.12998754533565e-07	6.36308830886877e-08
5.58099998950958	2.20373701043082e-06	2.19331557729798e-07
5.62099995136261	1.91212360669907e-06	1.83260080117815e-07
5.66099991321564	7.3863722038958e-07	7.54762290822456e-08
5.70099999427795	8.35487113904743e-07	9.48589292307814e-08
5.74099995613098	3.03010530332816e-07	2.73044806417375e-08
5.78099991798401	2.47814179777677e-07	2.67299779135398e-08
5.82099999904633	1.46011120209257e-06	1.66979377996921e-07
5.86099996089935	1.49279905916573e-06	1.29329470486025e-07
5.90099992275238	2.23998515421493e-07	2.01530381335075e-08
5.9410000038147	1.46785337484867e-07	1.41631835814042e-08
5.98099996566772	5.91848176796758e-07	5.88738048715687e-08
6.02099992752075	9.17192709761065e-07	8.80535776744106e-08
6.06100000858307	1.86404971887727e-07	1.91607717910948e-08
6.1009999704361	1.39308543886008e-07	1.49658279726484e-08
6.14099993228912	1.24230474231927e-07	1.25429763146363e-08
6.18100001335144	1.54230084933251e-07	1.58911677295359e-08
6.22099997520447	1.58152875549588e-07	2.08017703961926e-08
6.26099993705749	2.13108152087846e-07	3.01398095869901e-08
6.30100001811981	4.06748377042462e-07	4.13185203960982e-08
6.34099997997284	4.14444799712273e-07	3.9220186590105e-08
6.38099994182587	2.84794014727324e-07	3.45964319998506e-08
6.42100002288818	3.43089290969294e-07	4.14291423218245e-08
6.46099998474121	4.09837856648195e-07	4.84093178121543e-08
6.50099994659424	3.20339134987018e-07	3.8220466776263e-08
6.54100002765655	2.15170097946721e-07	2.73100912726786e-08
6.58099998950958	1.88584972447069e-07	2.20077633783254e-08
6.62099995136261	1.24579959314995e-07	1.47332000696145e-08
6.66099991321564	1.03554358778561e-07	1.25250907854132e-08
6.70099999427795	7.42747175704596e-08	1.01845067182606e-08
6.74099995613098	1.61973195072534e-07	1.94095541754956e-08
6.78099991798401	2.81028494375232e-07	3.39007893101214e-08
6.82099999904633	9.35661381845092e-08	1.40387475406067e-08
6.86099996089935	4.01352677913137e-08	5.7958045668687e-09
6.90099992275238	1.50422360508539e-07	1.74736349763094e-08
6.9410000038147	4.08040267710979e-07	6.01728368609421e-08
6.98099996566772	1.85310393401408e-07	2.14390559457918e-08
7.02099992752075	4.94231142315786e-08	5.71209004333119e-09
7.06100000858307	8.21150578826628e-08	9.979343318954271e-09
7.1009999704361	1.45928040563357e-07	1.82133160248905e-08
7.14099993228912	3.84995778054758e-07	4.52805108432457e-08
7.18100001335144	7.99069186330312e-07	1.15409096618479e-07
7.22099997520447	5.75396495495274e-07	8.76397787918431e-08
7.26099993705749	6.33194996447532e-07	6.64189718256083e-08
7.30100001811981	2.01504953743191e-07	2.30864331892816e-08
7.34099997997284	5.1821287862965e-08	6.9516455936291305e-09
7.38099994182587	1.22444164614113e-07	1.38418475755446e-08
7.42100002288818	2.56366601784441e-07	3.16909174073549e-08
7.46099998474121	2.61933058265583e-07	2.914958334531e-08
7.50099994659424	2.16617921516e-07	2.9161398484026e-08
7.54100002765655	2.18779339642241e-07	2.4144476020284e-08
7.58099998950958	1.90528599705839e-07	2.10619218123761e-08
7.82099999904633	3.39490422466758e-07	4.00746856377206e-08
7.86099996089935	2.04870594618828e-07	2.83378057655335e-08
7.90099992275238	1.70788147501097e-07	2.21009095390308e-08
7.9410000038147	1.7281143844061e-07	1.95989497483672e-08
7.98099996566772	1.87709093165001e-07	2.31066918931431e-08
8.02099992752075	1.96573252604967e-07	2.93380714773204e-08
8.06100000858307	3.02626280807558e-07	3.89605278819372e-08
8.1009999704361	1.54564582686719e-07	1.90423519448177e-08
8.14099993228912	7.33547384818816e-08	8.73342695128828e-09
8.18100001335144	1.44494215880916e-07	1.77713288370986e-08
8.22099997520447	3.54780753450924e-07	4.34734967302929e-08
8.26099993705749	1.68690846096615e-07	2.32839741687762e-08
8.50099994659424	3.54260045603087e-07	4.20510601098602e-08
8.54100002765655	2.19520755969802e-07	2.63684717646552e-08
8.58099998950958	1.62611106913755e-07	1.77588815857671e-08
8.62099995136261	1.19524000900185e-07	1.26302455206446e-08
8.66099991321564	1.10636155159071e-07	1.40691288732876e-08
8.70099999427795	3.38050759008452e-07	3.27671605407103e-08
8.74099995613098	3.92061833696698e-07	4.05233213337933e-08
8.78099991798401	2.00278968348522e-07	2.4697359183105e-08
8.82099999904633	1.47976015510817e-07	1.8434156336424e-08
8.86099996089935	1.0709198073413e-07	1.37614240671781e-08
8.90099992275238	9.68700936527351e-08	1.10284715535897e-08
8.9410000038147	2.08026495104746e-07	2.51607760395045e-08
8.98099996566772	6.61463197419936e-07	6.45811089737572e-08
9.02099992752075	3.8518098144642e-07	4.06944133787993e-08
9.06100000858307	3.76793179745875e-08	4.672722546618151e-09
9.1009999704361	6.84407218665418e-08	7.1214874922558305e-09
9.14099993228912	1.56162478544056e-07	1.4299850932157e-08
9.18100001335144	3.30665272491452e-08	4.34518905673025e-09
9.22099997520447	1.13456444941938e-08	1.1321264028892902e-09
9.26099993705749	2.19496091894621e-07	2.19930420369502e-08
9.30100001811981	5.97364630457919e-07	6.60684557309541e-08
9.34099997997284	9.14858516286935e-08	1.053196016648e-08
9.38099994182587	1.05500974263279e-07	1.18591654179324e-08
9.42100002288818	1.28815723093942e-07	1.49515169870856e-08
9.46099998474121	2.22137917685085e-07	2.14454290035538e-08
9.50099994659424	2.31822015102091e-07	3.00152043609485e-08
9.54100002765655	1.94068213607687e-07	2.12630319120549e-08
9.58099998950958	1.05565797154088e-07	1.26922704407652e-08
9.62099995136261	8.25854118653434e-08	1.02875551705491e-08
9.66099991321564	5.87428077903119e-08	6.970024418251671e-09
9.70099999427795	8.6180549543502e-08	1.12663816907614e-08
9.74099995613098	1.28980795366802e-07	1.94415422673856e-08
9.78099991798401	1.57144354905614e-07	1.7850978994813e-08
9.82099999904633	1.10149265986988e-07	1.40061071062797e-08
9.86099996089935	8.20427331013928e-08	1.07253034188023e-08
9.90099992275238	6.43668295631165e-08	8.485688080895151e-09
9.9410000038147	3.90349189027248e-08	6.49340457440206e-09
9.98099996566772	5.6769630094534e-08	7.969790484975891e-09
334.6225	4.44209083675469e-09	6.62189316650043e-10
335.2541	5.0517172920901304e-09	7.53067440352909e-10
335.8797	4.888285625441571e-09	7.20740087913644e-10
336.4753	6.74333723716801e-09	8.23832498681313e-10
337.1302	4.2079769207407304e-09	6.85025922787063e-10
337.6717	5.385609488203441e-09	8.204574308802261e-10
338.2497	4.80238087551813e-09	7.15898760859688e-10
338.8792	5.125355461208211e-09	7.64045049730994e-10
339.3653	5.8008852347477606e-09	8.6474700492166e-10
339.9484	5.45564592104474e-09	8.31126960636943e-10
340.4825	5.32744939959479e-09	7.94171576351392e-10
341.0435	6.5724543595215405e-09	8.02955941968808e-10
341.6259	5.550956246759361e-09	8.360081774862921e-10
342.1536	5.44759909295844e-09	8.12082188583039e-10
342.6932	4.73384204836768e-09	7.21165345203724e-10
343.2252	5.462799892938791e-09	7.72558869169715e-10
343.8669	6.525181260944721e-09	7.971810859052401e-10
344.5034	5.7971223571768505e-09	7.082338229393701e-10
345.2073	7.1569747642951e-09	8.743667428862491e-10
345.8523	4.33770884598594e-09	6.60817367709533e-10
346.4738	5.74759654598019e-09	8.75603337396055e-10
347.0838	4.716708928606341e-09	7.03127203222365e-10
347.6442	5.8370873440917104e-09	8.094610819090885e-10
348.2242	5.5074180758937205e-09	7.63743748569283e-10
348.8676	5.4669271061962e-09	6.678938660668231e-10
349.5302	5.3798747953873305e-09	8.01986199118762e-10
350.0917	5.027399997164461e-09	7.494422659641e-10
350.712	3.4157678985466e-09	5.091938748029215e-10
351.482	7.08261425905335e-09	8.64785565333738e-10
352.0479	5.75787030523313e-09	8.58334714631089e-10
352.5748	5.1563843443114e-09	7.68670165425975e-10
353.1138	5.788171256420411e-09	8.26172035671346e-10
353.731	4.833857351340231e-09	7.20590859160902e-10
354.2982	5.6531803441662804e-09	8.3351813777215e-10
354.874	5.854842126442651e-09	7.25773597315948e-10
355.5198	5.468605285821031e-09	8.15213577430937e-10
356.1174	6.10047189051555e-09	7.452941449478555e-10
356.7295	5.256699737861261e-09	6.902408739782195e-10
357.4749	4.0461097989566206e-09	6.03159956560549e-10
358.149	4.492896498849911e-09	6.697631001505431e-10
358.7163	5.55728729475086e-09	8.1937962989778e-10
359.32	6.306089329886211e-09	7.93242753266511e-10
359.9506	5.8090554878127e-09	8.565009167848631e-10
360.4563	5.54033441661607e-09	7.82867201570957e-10
361.0466	4.628706594260331e-09	7.051490045553641e-10
361.692	6.02119370495877e-09	7.46395096138587e-10
362.332	5.490092303129081e-09	7.402864345098811e-10
362.9499	4.977404902889241e-09	7.5827075334804e-10
363.5243	3.8821393584320205e-09	6.04511518923395e-10
364.2293	4.39989182119542e-09	6.85134217712537e-10
364.7723	5.316718156755721e-09	8.007306832491501e-10
365.3192	4.7286972882718205e-09	7.36334471664515e-10
365.9315	4.6449009538750106e-09	6.92422705039931e-10
366.5698	6.491661986257661e-09	8.165862417006435e-10
367.2111	5.35155688757634e-09	7.977651660791301e-10
367.7535	4.5455321784074e-09	6.77609602917521e-10
368.3654	4.941278257494511e-09	7.36604110671023e-10
369.0108	5.170945939495e-09	7.708413787402341e-10
369.4948	5.4450671328046e-09	8.11704942860789e-10
370.053	5.129694034790711e-09	7.814706807761075e-10
370.6102	4.4936708512276706e-09	6.69878569294843e-10
371.3202	6.15687166002838e-09	7.632138334156635e-10
371.9326	5.18459850594802e-09	7.72876231996864e-10
372.5241	4.5411179620874e-09	6.91805288773154e-10
373.1156	5.5007916877509404e-09	8.102901405876321e-10
373.7035	4.602804606037971e-09	6.86147614271951e-10
374.323	4.40506897224928e-09	6.56670628545967e-10
374.9607	4.95010296091151e-09	7.37919868512085e-10
375.5549	5.46405726935025e-09	8.32408313427773e-10
376.1685	4.714539726301251e-09	7.02804092031622e-10
376.7401	5.1474162337836105e-09	7.84170703452488e-10
377.3267	6.499028192849411e-09	7.93985625199257e-10
377.9432	5.12207867519346e-09	7.214810613260285e-10
378.5447	5.42128241244667e-09	8.16478316585731e-10
379.0652	5.264380570837e-09	8.01988878737413e-10
379.6283	5.8620285376494505e-09	7.50558487030095e-10
380.2994	4.84787419336432e-09	7.38537667606586e-10
380.8584	5.74644921450773e-09	8.56632570639042e-10
381.4612	4.834461392715451e-09	7.20680676550571e-10
382.0197	5.11489371286364e-09	7.62485431424368e-10
382.5858	4.3740906771277504e-09	6.52052863862449e-10
383.1546	5.6772648774358804e-09	8.281167974224761e-10
383.7863	3.51852045850969e-09	5.245115597605786e-10
384.5845	5.728587479876081e-09	7.101232339480191e-10
385.1787	4.9679707619592e-09	7.5683305724499e-10
385.7699	4.61073109304235e-09	6.87329160910833e-10
386.2749	5.3695826376125605e-09	8.00452346084474e-10
386.8549	4.59535164256341e-09	7.00067578898176e-10
387.3962	5.2154884344298404e-09	7.945406244688764e-10
387.9754	5.54333968330509e-09	7.7559134139173e-10
388.6328	5.739012682861211e-09	7.11415440445898e-10
389.246	5.61608881769612e-09	8.10614931804199e-10
389.746	5.520475440972751e-09	8.22946176648098e-10
390.3417	5.36624138558035e-09	7.99953898279448e-10
390.8213	4.9511709800353704e-09	7.38079059943476e-10
391.5194	3.54270061244836e-09	5.516553979029709e-10
392.2038	5.15139657082639e-09	7.67926854680994e-10
392.8396	4.7275240996072305e-09	7.04739404538904e-10
393.3405	4.50253623241819e-09	6.85927643358024e-10
394.0888	3.751042099174021e-09	5.714431866439951e-10
394.7429	6.4155163147687e-09	7.83782652452841e-10
395.4039	4.5763654928789905e-09	6.97174897281071e-10
396.1005	3.85905676454371e-09	5.689882624448985e-10
396.7206	5.30728261441599e-09	7.91164893407208e-10
397.3171	5.272304684557211e-09	7.85950609543341e-10
397.8982	4.9437698143861405e-09	7.53146507771009e-10
398.4621	4.8838389413188e-09	7.60491977748222e-10
398.992	5.40018825601734e-09	8.05014495004637e-10
399.4728	5.18845669992368e-09	7.64997919336944e-10
400.0433	4.91848159260594e-09	7.49293727360917e-10
400.6035	5.06359196798931e-09	8.06111036258204e-10
401.1366	5.10904834981838e-09	7.955609416489585e-10
401.693	4.6307256903049e-09	6.90309711637019e-10
402.3251	5.7850943386551e-09	8.62393046893504e-10
402.7885	5.2713379670034e-09	8.39183653189147e-10
403.4336	4.3431454503450704e-09	6.474396283449955e-10
403.9857	5.04641940581106e-09	7.68784230620887e-10
404.5977	3.95119832752613e-09	5.8901138773628e-10
405.2056	5.51123804268417e-09	8.21569057557808e-10
405.7852	3.46945312717373e-09	5.28545224188e-10
406.492	5.60601495247467e-09	8.265642335694611e-10
407.0159	5.58976245770798e-09	8.24167603673032e-10
407.5224	5.523182989176651e-09	8.14351228775386e-10
408.0752	4.21158261438655e-09	6.41603028562543e-10
408.7235	4.88521429578768e-09	7.28246558684165e-10
409.2577	5.4369327818607905e-09	8.10492096416598e-10
409.9138	4.47767616989098e-09	6.821404840060326e-10
410.4881	4.43782923080083e-09	6.76070020246284e-10
411.1038	5.77847172782523e-09	8.519913402386555e-10
411.5439	5.94243342080324e-09	8.76166097930986e-10
412.1762	4.17840971400498e-09	6.29294008102933e-10
412.8547	4.636232699025741e-09	7.06295146573373e-10
413.4853	6.0883912175026706e-09	7.38328544167865e-10
414.1969	4.0574894247937405e-09	6.18128348991167e-10
414.8739	4.842485805946681e-09	7.21876891570131e-10
415.4759	6.074105097378371e-09	7.5295358739443e-10
416.1183	4.7606248237551605e-09	7.25245749918226e-10
416.7339	5.2957849186481806e-09	8.06773254418249e-10
417.3933	4.08314350248929e-09	6.08680726464088e-10
417.9949	5.798569363211281e-09	8.04119360486126e-10
418.69	3.2335229667529104e-09	4.92603117743026e-10
419.4455	6.6935219942777706e-09	8.1774745773713e-10
420.1523	4.09364607158924e-09	6.23636390552706e-10
420.7406	5.789666558399761e-09	8.18785081009301e-10
421.2727	5.127802586546741e-09	7.98481371645264e-10
421.8891	6.017899871155281e-09	7.45987075743273e-10
422.6232	5.969831571994731e-09	7.457782681297081e-10
423.2391	5.299733179902761e-09	7.98172589818343e-10
423.873	5.61744928840473e-09	7.19243547233665e-10
424.5514	4.055662849234e-09	6.31532082819084e-10
425.1264	5.37472753967364e-09	7.92462608245218e-10
425.7711	3.89611661880694e-09	6.06687983127544e-10
426.3863	4.88051765086007e-09	7.27546566514068e-10
427.0455	4.23280262709872e-09	6.30990839854466e-10
427.6823	4.51707837258378e-09	6.73368122700148e-10
428.3761	4.34415674357659e-09	6.40512796847033e-10
428.9441	5.4734273227737e-09	7.98383504905953e-10
429.5515	4.3178398357215205e-09	6.436671664188255e-10
430.1521	4.501287541894981e-09	6.63680487584619e-10
430.8178	4.997180491117411e-09	7.449374633484961e-10
431.3677	4.602102981913751e-09	6.86042839945894e-10
432.0222	4.720596806727851e-09	7.03706569385118e-10
432.6702	5.03234499218007e-09	7.50179690540255e-10
433.2189	5.46957216025263e-09	8.15357865819826e-10
433.8377	4.11237171795531e-09	6.26489109833407e-10
434.4922	4.4039363797449e-09	6.56501882117608e-10
435.1028	5.4170324202675605e-09	8.07525633908103e-10
435.7811	3.7252182124638304e-09	5.5532422158719e-10
436.4672	3.59804497494543e-09	5.36366272386223e-10
437.1119	4.972962913113971e-09	7.9168322692637e-10
437.6913	4.59765963503694e-09	7.65539705674565e-10
438.2468	4.64786072136426e-09	7.399275457008261e-10
438.8846	4.42447504010776e-09	6.59563663021529e-10
439.4128	5.43629415407874e-09	8.103972284348131e-10
440.0322	4.1230349647125705e-09	6.281137068741285e-10
440.6575	4.28723176504577e-09	6.67591056884363e-10
441.3196	5.914737407108731e-09	7.22603205044312e-10
441.9876	4.5317634257067505e-09	7.214454174338776e-10
442.5588	5.21291185970578e-09	7.770970269556551e-10
443.1224	6.159998117933881e-09	7.63601592536715e-10
443.8158	4.552443074678e-09	6.78639802087167e-10
444.454	4.6085997920491606e-09	6.87011246767393e-10
445.0192	5.865110257232e-09	8.13346624610677e-10
445.6782	4.6086612283552705e-09	7.17642487111003e-10
446.2503	5.123016378344071e-09	7.63696264895464e-10
446.7997	5.3810221472705504e-09	8.19758415592464e-10
447.493	4.403137988825451e-09	6.492088111830731e-10
448.1217	4.9867530044126406e-09	7.765173881073095e-10
448.6602	4.1968093100525505e-09	6.39352330702068e-10
449.3855	3.6901491497175e-09	5.74615407879101e-10
450.0862	4.7538819976270806e-09	7.56805970226544e-10
450.7091	4.808433478449291e-09	7.089667481412221e-10
451.36	4.4172764366053e-09	6.72938868566727e-10
452.0347	3.5247285157525302e-09	5.254368388526581e-10
452.7136	4.4152491199557606e-09	6.58188181972405e-10
453.2892	5.52346528693341e-09	8.41458532978115e-10
453.8246	5.334396505859511e-09	8.306512544945975e-10
454.409	4.5985770485093605e-09	7.16072275338705e-10
454.9898	4.19191736355614e-09	6.248957345884285e-10
455.6949	4.238899401491341e-09	6.45764797425702e-10
456.3934	4.14417819171641e-09	6.3133456260371e-10
457.1094	5.6391926972729504e-09	8.590887281537321e-10
457.6731	4.2930837781095405e-09	6.39976773965034e-10
458.3312	4.309245172781841e-09	6.42385913950956e-10
459.086	3.4065500201998502e-09	5.423141048585685e-10
459.8534	4.46266126423759e-09	6.79853119914666e-10
460.4547	3.730392895322981e-09	5.682975974257491e-10
461.1366	5.1660906317292906e-09	7.87015467075461e-10
461.7201	3.72735154671992e-09	5.67834251223312e-10
462.4535	4.11781249629262e-09	6.20168198066031e-10
463.0671	4.69235675842637e-09	6.99497383884863e-10
463.7704	4.16553590354273e-09	6.34588310618514e-10
464.3822	5.076810206381011e-09	7.56808426535e-10
464.9523	4.7462650442293904e-09	7.075335580038551e-10
465.6356	4.2855045082383205e-09	6.38847095319867e-10
466.3443	4.05251253421743e-09	6.17370125497725e-10
467.021	4.6527570759772406e-09	6.93594141219456e-10
467.5266	5.4961816288870404e-09	8.45680966716908e-10
468.2306	3.6579256588787804e-09	5.452928430425911e-10
468.9891	4.31454189997413e-09	6.43175511870384e-10
469.682	4.12096042820588e-09	6.14318060440031e-10
470.3827	4.67432628830179e-09	7.120987473775485e-10
470.9675	4.22947030719476e-09	6.30493694893969e-10
471.5754	5.4117691998234e-09	8.06740929573597e-10
472.0781	4.60709985716033e-09	6.867876708401701e-10
472.742	4.02762433671041e-09	6.00404493413817e-10
473.4796	3.7140959313820204e-09	5.536662320689151e-10
474.2526	3.2027807844518e-09	4.774436805171155e-10
475.0992	4.69949708481606e-09	7.00561348874203e-10
475.6716	4.779716068375811e-09	7.12519875264918e-10
476.4213	3.88384169942023e-09	5.789704869602959e-10
477.1848	3.21147086659478e-09	4.892436030826271e-10
477.9228	4.320549949531711e-09	6.44071290838892e-10
478.5032	5.4728218611103e-09	8.15842340717027e-10
479.167	3.62837456219692e-09	5.408875968693095e-10
479.9053	4.30817893227023e-09	6.56318917368738e-10
480.6076	3.6415161096441104e-09	5.428466404433321e-10
481.3185	3.8886876402044e-09	5.79692833431168e-10
482.0473	4.20739331764413e-09	6.551586591550711e-10
482.7147	3.914281236049791e-09	5.835081925555335e-10
483.4133	3.4254970849267903e-09	5.106443816816436e-10
484.1848	4.25545713193959e-09	6.48287000087942e-10
484.9965	3.3494988611403e-09	5.10271205088217e-10
485.7016	3.58298803700589e-09	5.341218219777391e-10
486.537	3.9807393662714e-09	5.93415407001668e-10
487.1949	4.341392860614411e-09	6.47178553478505e-10
487.8753	4.0957431982308906e-09	6.105592713947841e-10
488.5442	4.0828296044201e-09	6.148994857600901e-10
489.1915	3.84112983235511e-09	5.72603281788749e-10
489.944	3.910241471123351e-09	5.82905962020765e-10
490.6226	3.8328178571303905e-09	5.713643162138549e-10
491.3244	4.74693451432193e-09	7.07632932124224e-10
491.8731	5.06031602658408e-09	7.70901475419557e-10
492.3979	4.86258105973655e-09	7.24872593857383e-10
493.0615	5.523270868309081e-09	6.79870186240895e-10
493.7559	4.405791095087231e-09	6.86052556825088e-10
494.3604	4.613757035603411e-09	7.028712431402921e-10
495.0278	4.17254844967084e-09	6.35656626521387e-10
495.7125	3.70473748006805e-09	5.64388988532551e-10
496.4029	4.497038013169271e-09	6.85090107718958e-10
497.1383	3.81455176664481e-09	5.68641185096902e-10
497.871	4.1249431749e-09	6.14911579072423e-10
498.5096	5.29264016856692e-09	7.889821582476619e-10
499.0785	4.472041147862881e-09	6.66654161813663e-10
499.6697	4.7858851082529104e-09	7.290938612286395e-10
500.2946	3.65418507523753e-09	5.447351703210426e-10
501.0506	3.78064852241701e-09	5.635872692548496e-10
501.7681	4.02299877858106e-09	6.12874017339469e-10
502.3738	5.152667165274771e-09	7.68116398446158e-10
502.9424	4.58121336818686e-09	7.133686729451531e-10
503.6167	3.5763499332478302e-09	5.331321924419396e-10
504.4103	4.2212652954367105e-09	6.29270736903473e-10
505.1043	4.78496830969347e-09	7.13303032444028e-10
505.7149	4.94892210256491e-09	7.37743668212744e-10
506.3188	4.8342489109392605e-09	7.36461621079604e-10
506.9459	4.4336484705617105e-09	6.609310926549481e-10
507.6707	3.55106071031782e-09	5.40977568886711e-10
508.3808	3.807013247179081e-09	5.67517541180453e-10
509.1356	4.06231337487836e-09	6.05575694473826e-10
509.8474	3.7542875988336504e-09	5.596577147183061e-10
510.532	4.493187891292871e-09	6.69806532283084e-10
511.1972	4.80059678362682e-09	7.1563249852569e-10
511.7553	5.2303307715108e-09	7.96802062897883e-10
512.3368	4.503378120836151e-09	6.63988849747079e-10
512.9822	4.12206472427871e-09	6.144827728129715e-10
513.6609	4.0320166194092e-09	6.01058892296014e-10
514.3299	3.5751013564221304e-09	5.567006850014786e-10
515.0692	4.6293036681903705e-09	6.9009773037019e-10
515.685	4.54553663814326e-09	7.0781310441819e-10
516.429	4.9748587539012e-09	7.41609972558957e-10
517.1387	3.89160757973293e-09	5.801280105059471e-10
517.8716	4.2292932296850804e-09	6.304673586764841e-10
518.5479	4.5873938824798405e-09	6.83850272460556e-10
519.2048	3.76430910381105e-09	5.611514930646389e-10
519.9272	4.3646149599989404e-09	6.506401754358009e-10
520.6504	3.96130449219431e-09	6.034751927375236e-10
521.3455	4.69426687625812e-09	6.997819443682415e-10
522.018	4.18932995167437e-09	6.245101769556295e-10
522.7371	4.264689619478121e-09	6.35744261087594e-10
523.5667	3.7659753014585105e-09	5.614000957509646e-10
524.3084	3.766742358909751e-09	5.615143740266555e-10
525.024	4.6608745814338e-09	6.948040221190245e-10
525.7653	3.6700275608278803e-09	5.47096921132869e-10
526.5057	3.5085332556799803e-09	5.34498958379263e-10
527.1978	4.565707206967261e-09	6.955515612458184e-10
527.8737	3.7609777460204706e-09	5.60655049349065e-10
528.6115	3.920155512833531e-09	5.84383984357458e-10
529.3499	3.31059015173039e-09	4.93515017417118e-10
530.1515	3.942046369042831e-09	5.87647005486802e-10
530.8065	4.21042052680048e-09	6.41426306752673e-10
531.5848	3.6949613938673705e-09	5.508136995601365e-10
532.3537	3.4353279124314903e-09	5.121097532156995e-10
533.0978	4.41125845260133e-09	6.64362385406918e-10
533.7881	3.6065193629788405e-09	5.376294675627881e-10
534.5653	3.5814198341549705e-09	5.338879268683306e-10
535.2671	4.01953365440516e-09	5.99198357694801e-10
536.0531	4.02223571762693e-09	5.99601033359022e-10
536.7399	4.8608508931164404e-09	7.24614906019308e-10
537.2719	5.7839188182739406e-09	8.622178864049201e-10
537.8554	4.5983767769950105e-09	6.85487210963658e-10
538.6548	3.97032018431025e-09	6.048485377455385e-10
539.3287	4.06438359625389e-09	6.1917860668553e-10
540.0502	3.484634435503e-09	5.194599426322185e-10
540.753	4.72685680104634e-09	7.04639842818906e-10
541.373	4.1584781779718305e-09	6.199109132763421e-10
542.1303	3.5725845914761e-09	5.325708489440235e-10
542.986	3.1276918266755802e-09	4.662499799347065e-10
543.9027	3.3072285559802304e-09	4.93013823324865e-10
544.5979	4.24566354569886e-09	6.4679510158008e-10
545.3296	3.90818935819599e-09	5.9538352198101e-10
546.0646	3.5276083088083302e-09	5.25866179861698e-10
546.8338	3.85022334370375e-09	5.739588900700214e-10
547.5713	3.77504243016645e-09	6.00977077724271e-10
548.3908	3.79292595251384e-09	5.906196094224355e-10
549.0726	3.82873079943873e-09	5.832785554457324e-10
549.9928	3.18529610998328e-09	4.852560850911315e-10
550.7889	3.7322558796900405e-09	5.56373387462533e-10
551.5513	3.63989399986425e-09	5.426049335824265e-10
552.4414	3.3007579160053504e-09	5.02845950839871e-10
553.1266	3.805109885978491e-09	5.925168105625916e-10
553.8232	5.074261537667751e-09	7.56428179138239e-10
554.4744	4.02965452243827e-09	6.06890745649704e-10
555.1982	3.7045541453516504e-09	5.52243672803223e-10
555.9483	4.76449052149849e-09	7.024875135619141e-10
556.5493	4.726459849906341e-09	7.045807877769671e-10
557.2532	3.3340514422691304e-09	4.970121562488885e-10
558.1405	3.1446008344152803e-09	4.68770482958008e-10
558.9993	3.88528382740049e-09	5.91893924714485e-10
559.767	2.6528215331062203e-09	4.130868817133355e-10
560.5994	4.017408396001621e-09	6.120221183497915e-10
561.4173	3.2500032568886703e-09	4.84483140796525e-10
562.1003	3.4985960213947203e-09	5.21541256739723e-10
562.9073	3.2709600705453103e-09	4.87607258436429e-10
563.7258	3.42714236546603e-09	5.220995632192045e-10
564.4974	3.6705977253247604e-09	5.59187914374772e-10
565.3129	3.6964062881071104e-09	5.51029114683639e-10
566.0442	3.8186767353655e-09	5.81746886212426e-10
566.7486	4.14706139821475e-09	6.18208804606291e-10
567.3701	4.128084092150351e-09	6.42809005927335e-10
568.0473	4.46317412489417e-09	6.799313593500951e-10
568.9078	3.2324442356539603e-09	4.818656260603775e-10
569.6614	4.52987092890467e-09	6.75274938520222e-10
570.5353	3.40542407439937e-09	5.076519737200135e-10
571.2607	4.4960390328729105e-09	6.70231703208345e-10
571.9394	3.6192494370893304e-09	5.395272566602855e-10
572.7186	3.5780194269387602e-09	5.450845056682125e-10
573.4349	4.3753695537629304e-09	6.522432839965145e-10
574.1017	3.50979998374063e-09	5.232114532936255e-10
574.8466	4.94711364529006e-09	7.37474101901162e-10
575.5121	3.45282750456225e-09	5.1471844442631e-10
576.3667	3.6562435045556e-09	5.450420100946546e-10
577.1181	3.3783245137292404e-09	5.03612161223356e-10
577.9109	3.63567237041435e-09	5.538674614680046e-10
578.6289	4.078050483811671e-09	6.35018201432684e-10
579.4511	2.79863343812424e-09	4.17196732944323e-10
580.3989	3.1439791183844703e-09	4.68677991974221e-10
581.353	2.7424525757746304e-09	4.08821831388776e-10
582.2091	5.01231250579621e-09	7.47193546291763e-10
582.8942	4.47025117741697e-09	6.66387389616581e-10
583.5727	3.46104748475379e-09	5.159439730660025e-10
584.502	2.63965410026732e-09	4.0213171111487103e-10
585.4702	3.3792157458613703e-09	5.037452990638465e-10
586.3521	3.0374665108495602e-09	4.62735586335445e-10
587.1996	4.56809108956438e-09	6.809730877929201e-10
588.0286	3.2755628408488904e-09	4.99007770935505e-10
588.7765	3.7130885852036e-09	5.59214225932866e-10
589.5568	3.4153726746113603e-09	5.09135267089613e-10
590.4409	3.4814206862597702e-09	5.189811314668849e-10
591.2545	3.0018774936849703e-09	4.47494763117213e-10
592.0679	3.6990220839734904e-09	5.6351853145519e-10
592.8476	3.6319497836170705e-09	5.4142064180488e-10
593.6826	3.79031225712039e-09	5.650279493759196e-10
594.512	3.4670904527754404e-09	5.168447898498374e-10
595.2181	3.6081407911490402e-09	5.378713636797205e-10
595.9239	3.90124676939112e-09	5.815652222196704e-10
596.6979	3.49991880946293e-09	5.217385395977476e-10
597.5038	3.30234883635467e-09	5.0308822528884e-10
598.2478	3.6031591179107204e-09	5.37128734383419e-10
599.0535	3.2140809391293603e-09	5.004841184499165e-10
599.7831	4.4469765047568105e-09	6.77463832776941e-10
600.516	3.77520826646759e-09	5.627764075280215e-10
601.2572	4.541898921864371e-09	6.919246418592411e-10
602.0551	3.13584193701832e-09	4.67465061255561e-10
603.0625	3.5012141480574303e-09	5.333839404450036e-10
603.9525	3.6098693027507803e-09	5.499367076558039e-10
604.8072	3.6745310931252503e-09	5.47768297961812e-10
605.7143	3.7587943566219106e-09	5.5420555623055e-10
606.3843	4.7402206375525206e-09	7.06632359635019e-10
607.0835	3.82703979977061e-09	5.70502996681045e-10
607.9252	3.3367323867290603e-09	4.97412094875513e-10
608.8939	3.60331120791601e-09	5.371514673655676e-10
609.6669	3.60091751110031e-09	5.367945572056809e-10
610.3985	4.055953378949191e-09	6.04627664289484e-10
611.1683	3.3920114678455e-09	5.05652670811346e-10
612.0155	3.63342025265931e-09	5.416397997737125e-10
612.7628	4.01533159657557e-09	6.04733784965778e-10
613.5285	3.3463102159310704e-09	4.988398646868576e-10
614.3164	3.924971021882761e-09	5.97940325279946e-10
615.1542	3.4321531216881605e-09	5.22862951999759e-10
616.1002	2.9769587044472104e-09	4.4378008299104005e-10
617.065	2.7340902608514802e-09	4.0757527423717796e-10
618.0716	2.9903280812975102e-09	4.457730363385795e-10
618.9283	3.2737081926877e-09	4.98725106763045e-10
619.8062	3.4590520839859205e-09	5.15646483411058e-10
620.6731	3.4610693843615303e-09	5.15947239586049e-10
621.6476	3.3604146800127404e-09	5.009424374628325e-10
622.5821	3.4863689236070302e-09	5.19718623758754e-10
623.4208	3.7189848553919803e-09	5.665596950747745e-10
624.2411	3.08508504868814e-09	4.6463291241321353e-10
625.1939	3.9571015823795305e-09	5.898916480713746e-10
626.071	2.9237185116901704e-09	4.3584349618766e-10
627.113	2.69892960120243e-09	4.20266821576415e-10
628.207	2.6612173882681603e-09	3.967120197748615e-10
629.249	3.00792884520211e-09	4.483968821229225e-10
629.9951	3.4174411185533204e-09	5.094435376884905e-10
630.9321	3.0107282781597504e-09	4.4881411711525505e-10
631.922	2.8052606781362604e-09	4.2736058413757103e-10
632.8003	3.3110484170403e-09	4.935833425549445e-10
633.6166	3.5697380298404905e-09	5.321466362819895e-10
634.3669	4.30779231533564e-09	6.707926368070631e-10
635.208	2.8293708421947903e-09	4.310335732485945e-10
636.2424	2.9761781703608e-09	4.436636448675835e-10
637.315	2.52212554067571e-09	3.9273550529478397e-10
638.2058	2.9420109493672e-09	4.4819339897636206e-10
639.276	2.68205177666286e-09	3.99817756023536e-10
640.1041	3.9629789567176905e-09	5.84310915450855e-10
640.9406	3.2672622179318203e-09	4.977429674718486e-10
641.8606	2.84720298559872e-09	4.337500452761195e-10
642.8853	3.0481631994381203e-09	4.5439450453111704e-10
643.6791	4.2233006477010805e-09	6.2957388592254e-10
644.4551	3.1925677052479e-09	4.75921086423936e-10
645.3349	3.1453007695213104e-09	4.688748991462165e-10
646.1936	3.2149790410739e-09	4.792619872435935e-10
647.1859	2.8784952271411103e-09	4.4822792808845953e-10
648.0742	2.8582094745710304e-09	4.5501964465366503e-10
648.8606	4.41382152784087e-09	6.57975266286578e-10
649.6697	3.1286014169953502e-09	4.663854946804961e-10
650.5494	3.21059609844417e-09	4.78608643251827e-10
651.47	2.3876816466455103e-09	3.886960307183905e-10
652.544	2.8181572973596904e-09	4.2010722399343054e-10
653.476	2.9001672398380604e-09	4.32332510162432e-10
654.4968	3.6703945591803904e-09	5.47151501319442e-10
655.402	3.008289769678e-09	4.5829045418328905e-10
656.342	3.2676043487559802e-09	5.088185257006506e-10
657.1959	4.01218513965251e-09	5.98103131784744e-10
658.068	2.59581536770856e-09	3.95453141125673e-10
658.9615	4.08605031423839e-09	6.024569467486229e-10
659.7394	3.03787731940014e-09	4.528612966287515e-10
660.683	2.5364486312022104e-09	3.781125154901355e-10
661.6003	3.6958505549909605e-09	5.509464689366631e-10
662.4097	2.95571090892262e-09	4.406125916108755e-10
663.4187	3.67056258160449e-09	5.471766902475155e-10
664.2145	2.7941628627113902e-09	4.165303541668325e-10
665.0715	3.59595210536128e-09	5.360543262313795e-10
665.8771	2.9999592517740102e-09	4.47208737645796e-10
666.7435	3.1039680354858e-09	4.62713496743382e-10
667.5639	4.199057752375641e-09	6.25960087223601e-10
668.2977	3.1576617767873104e-09	4.707177201840379e-10
669.1619	3.18826107558182e-09	4.857077603323195e-10
670.24	2.31166877789868e-09	3.44604191947512e-10
671.2439	2.9373188056621803e-09	4.4747861952498103e-10
672.219	2.5505067055514803e-09	3.8020810783543e-10
673.454	2.26967669228044e-09	3.383443018188615e-10
674.5029	3.1471285561347404e-09	4.691474708173064e-10
675.362	2.66574493675664e-09	3.9738682848890403e-10
676.502	2.50729730935529e-09	3.7376679880529297e-10
677.3213	3.747194021090551e-09	5.708567663900541e-10
678.0929	3.2419813046489e-09	4.83287285436035e-10
679.102	2.4566686873364703e-09	3.662194379793905e-10
680.295	2.41261191865747e-09	3.596518928309675e-10
681.0826	4.12615243593729e-09	6.08369442632746e-10
682.045	2.7181238008373803e-09	4.00766554676981e-10
683.072	2.8104260465403404e-09	4.2814736442983005e-10
684.136	2.36183186876075e-09	3.52082039551039e-10
685.1734	3.0499201573386e-09	4.64632553872486e-10
685.9197	5.07970539263831e-09	7.5723991206868e-10
686.6305	3.26162033693909e-09	4.862149597399495e-10
687.6651	2.8997756730300304e-09	4.515416716243695e-10
688.593	2.75325160507249e-09	4.194373709186255e-10
689.5771	2.99923314938025e-09	4.67028860691236e-10
690.5063	3.5118109883690403e-09	5.235113599828551e-10
691.4017	2.98935286866979e-09	4.55405672293347e-10
692.3653	2.8810669898282503e-09	4.389090930852325e-10
693.199	3.83542243137321e-09	5.717526031923975e-10
694.0161	3.21091203368068e-09	4.891584624657195e-10
694.8389	3.3471518381808804e-09	4.989652251698155e-10
695.839	2.66409192995235e-09	4.0585449958450654e-10
696.8151	3.0629712540940103e-09	4.56601901146081e-10
697.6477	3.5696613059945e-09	5.55853621186476e-10
698.4921	2.8121165872460704e-09	4.192066884503125e-10
699.3009	3.6595349449916902e-09	5.575027629109725e-10
700.195	3.6000459892609703e-09	5.366645265970061e-10
701.039	2.8705879019194e-09	4.3232819354246797e-10
701.8532	4.41616082709074e-09	6.58324100902212e-10
702.6839	3.06203697510196e-09	4.768083404469674e-10
703.696	2.70012481680717e-09	3.981127486867505e-10
704.5977	3.950103528930651e-09	5.88848199555693e-10
705.44	2.56021060918531e-09	3.900290046863735e-10
706.48	2.2944855177217902e-09	3.4954776346112e-10
707.5365	3.3918071739077705e-09	5.05622104344273e-10
708.612	2.3698554593933e-09	3.610297607099245e-10
709.807	2.71096464143826e-09	4.041278688864e-10
710.832	2.57566678440644e-09	3.9238356438136155e-10
711.9556	2.85652095525673e-09	4.2582613233009706e-10
712.885	3.1906344461983204e-09	4.860693330911645e-10
713.851	3.02773797265856e-09	4.61253242039292e-10
714.7485	2.9102532460397303e-09	4.33836137336519e-10
715.6315	3.4668754837204405e-09	5.16812762819075e-10
716.467	2.73718907493252e-09	4.0803721077570904e-10
717.4173	3.3475484186346702e-09	4.99024511909879e-10
718.342	2.7408961271028804e-09	4.085898097222335e-10
719.3357	3.3215950171658202e-09	4.95155545284198e-10
720.2181	3.52250726515697e-09	5.36627775691883e-10
721.142	2.5426886403073503e-09	3.790427273776555e-10
722.236	3.04549471344445e-09	4.539968033746195e-10
723.15	2.97656908870807e-09	4.43721996734259e-10
724.1057	3.7130763587905404e-09	5.53514227464934e-10
725.212	2.52486624923767e-09	3.84644514092922e-10
726.1743	3.0151061628150803e-09	4.695004803453315e-10
727.186	2.66986915604937e-09	3.980016400389985e-10
728.1989	2.92335790427695e-09	4.453517423541e-10
729.176	2.4906663375580304e-09	3.7943448960453947e-10
730.2843	2.9418642947028803e-09	4.5809560718113855e-10
731.189	3.11494437002174e-09	4.643497653979825e-10
732.1797	2.8489222707609103e-09	4.3401212706865204e-10
733.12	2.54852521346825e-09	4.1488011499912703e-10
734.241	2.3225075664570103e-09	3.46219893125788e-10
735.425	2.32089957147113e-09	3.45980220398272e-10
736.693	2.5402442227809602e-09	3.869872432406385e-10
737.5629	2.77719746893589e-09	4.230852486751315e-10
738.698	2.2284218726680602e-09	3.3948338492219346e-10
739.992	1.97402976732769e-09	2.942717922286505e-10
741.276	2.35186204471867e-09	3.46764163619117e-10
742.3827	3.2443211216541402e-09	4.836362806731215e-10
743.218	2.73754858104529e-09	4.080908514619605e-10
744.2249	2.98203764497595e-09	4.445372451829e-10
745.2081	3.1242424025908905e-09	4.6573591714515e-10
746.0827	3.2920182257901103e-09	5.240809822681986e-10
746.9676	3.1099411757219803e-09	4.636039683773735e-10
747.936	2.69985855071927e-09	4.113033023453865e-10
748.9916	2.8994483014579503e-09	4.32225354613147e-10
750.045	2.4886587992315203e-09	3.709882953694635e-10
751.0315	3.0852447700271703e-09	4.5992227232382e-10
752.002	2.7502922447878e-09	4.18986402733799e-10
753.062	2.7110114383431803e-09	4.04134691466988e-10
754.056	2.3893046287417203e-09	3.5617746507304003e-10
755.221	2.7420556957718e-09	4.0876263418278546e-10
756.1507	3.34035438105367e-09	5.088780617118086e-10
757.0092	3.3284173490749804e-09	4.961724848233961e-10
757.975	2.51562301063103e-09	3.750080077815155e-10
759.0175	3.1654690103234303e-09	4.822355687713459e-10
759.968	2.7552162962103204e-09	4.19736696764402e-10
761.055	2.4624691208842303e-09	3.7086304181335247e-10
762.0366	2.9573574553342e-09	4.4085799822606253e-10
763.004	2.65836483076088e-09	4.139501614802995e-10
763.9799	2.9594507766201503e-09	4.50850245398008e-10
764.984	2.76977507012972e-09	4.12894796995488e-10
765.9251	2.9418549831077204e-09	4.385470494301775e-10
766.9561	3.02859662244736e-09	4.5147772460711255e-10
767.9831	2.9643259784447504e-09	4.515929996364195e-10
769.033	2.4387387935054603e-09	3.63546728895864e-10
770.276	2.20208312865859e-09	3.58482032917822e-10
771.2289	2.93322260165399e-09	4.372601929301435e-10
772.275	2.5996932004114503e-09	3.87540443972297e-10
773.457	2.3615191598999e-09	3.677265071462895e-10
774.817	2.33907994077784e-09	3.486904285557425e-10
775.7805	3.2988890374050904e-09	4.91770742591504e-10
776.885	2.61485612886212e-09	3.898008342182005e-10
777.7842	2.99151180104934e-09	4.4594947092412247e-10
778.846	2.6722135967653703e-09	3.983512465755625e-10
779.856	2.5835432279226e-09	3.85132960714727e-10
780.936	2.3673124624471902e-09	3.686287186906835e-10
782.069	2.5102270901995503e-09	3.742036446540295e-10
783.202	2.5966645205233202e-09	3.87089009833495e-10
784.2617	2.8998763365318202e-09	4.32289237478488e-10
785.16	2.7800809101789703e-09	4.14431137599726e-10
786.0296	3.55409610699614e-09	5.298148788333001e-10
787.102	2.73684789719036e-09	4.169384263577355e-10
788.17	2.2802581679425202e-09	3.5507295375528103e-10
789.1808	3.145707616987e-09	4.689357206227344e-10
790.15	2.67880561458235e-09	4.171331256632775e-10
791.234	3.24307583961935e-09	4.83450559558122e-10
792.347	2.1099944987656603e-09	3.2144191701987955e-10
793.578	2.96545654961643e-09	4.42065365292795e-10
794.734	2.4382955427678904e-09	3.63480652294253e-10
795.868	2.4067746620180403e-09	3.587817645494815e-10
796.9035	3.22041341770305e-09	4.800721148310455e-10
797.869	2.9273531791596903e-09	4.3638511592269e-10
798.8138	3.29043756891943e-09	4.90510707960799e-10
799.92	2.5835615843559804e-09	3.8513553671526006e-10
800.949	2.8145110816654904e-09	4.14978082369334e-10
802.062	2.0043195538614204e-09	3.1210471095307004e-10
803.322	2.40527855074275e-09	3.5855863534892104e-10
804.381	2.64776889471799e-09	4.123000869482215e-10
805.447	2.23274691872874e-09	3.5544760046843497e-10
806.649	2.64279964774545e-09	3.9396633356974904e-10
807.692	2.73598788790019e-09	4.078581061042585e-10
808.772	2.48857371727796e-09	3.8751094382244854e-10
809.904	2.42769071837338e-09	3.6189976907744254e-10
811.084	2.30933664787026e-09	3.5181031803800547e-10
812.194	2.73037657617998e-09	4.2516368255022e-10
813.331	2.81219981419108e-09	4.1921916238763503e-10
814.386	2.3283760414309103e-09	3.470947367974065e-10
815.669	1.98157336707389e-09	3.01877976763304e-10
816.9476	3.02963519183676e-09	4.717628398007469e-10
817.849	3.24196964923446e-09	4.938898607613035e-10
818.7933	3.0220068367076503e-09	4.5049540001455003e-10
819.8869	2.88561161348156e-09	4.3016283085550853e-10
820.855	2.3281719916998903e-09	3.4706445483446e-10
822.062	2.76592547017881e-09	4.123211370336025e-10
823.1136	3.0008687387055e-09	4.5716018178937703e-10
823.995	2.6211787489833403e-09	3.9931719769118853e-10
825.079	2.6880054074040803e-09	4.0070544427522097e-10
825.9527	3.81114354515968e-09	5.68133458426698e-10
826.851	2.30454704427069e-09	3.435426426508255e-10
828.109	2.7147871889071604e-09	4.13577681338337e-10
829.421	1.98187474616831e-09	2.954413460570875e-10
830.833	1.9849126692861403e-09	3.09082895225055e-10
832.029	2.5115347033052303e-09	3.7439848283302703e-10
833.157	2.22032572033586e-09	3.3825005270301703e-10
834.1573	4.378986708258161e-09	6.52782576040652e-10
834.991	2.76155888787837e-09	4.116699590731295e-10
835.9473	3.8129630306664e-09	5.6840443036169e-10
836.8211	3.1595241442383305e-09	4.813298737506566e-10
837.7517	2.8321542879471402e-09	4.22193746340149e-10
838.712	2.72670695785169e-09	4.064745336431075e-10
839.7816	2.7321057666287e-09	4.072794058285835e-10
840.944	1.95397189940707e-09	3.042648586228545e-10
842.189	2.4912455996757703e-09	3.7952276169723104e-10
843.1405	2.97528492636747e-09	4.435305600817015e-10
844.169	2.4369601739259704e-09	3.632816163098075e-10
845.236	2.9034615993556903e-09	4.328237095092765e-10
846.365	2.5744910634179103e-09	3.8378352069006504e-10
847.49	2.4133534381230604e-09	3.5976244675042847e-10
848.898	1.8890513537886702e-09	2.8778282576801154e-10
850.018	2.62487593679538e-09	4.08735359167523e-10
851.205	2.22207457677957e-09	3.31248120403276e-10
852.514	2.61754858506549e-09	3.90202031590997e-10
853.693	2.63957628388938e-09	3.9348574348207955e-10
854.76	2.274849090712e-09	3.4655617577117347e-10
855.9502	3.0583272881877604e-09	4.659132526625326e-10
857.093	2.66477425023455e-09	4.05958369171358e-10
858.121	2.6302034488235504e-09	3.92088609451683e-10
859.317	2.1260034275770603e-09	3.79345506068753e-10
860.407	2.7463458128665e-09	4.094021654964415e-10
861.499	2.34986663124492e-09	3.57984638975006e-10
862.618	2.47905992392247e-09	3.776663117203535e-10
864.071	2.03605815834459e-09	3.00201219327754e-10
865.213	2.51737347315912e-09	3.7526890549136397e-10
866.468	2.2839467628571e-09	3.4794227091522305e-10
867.511	2.76692971174955e-09	4.1247064859823505e-10
868.684	2.6813652279556e-09	3.9971539882390656e-10
869.747	2.5241938967038802e-09	3.76285712186859e-10
870.7379	3.01854517551302e-09	4.5985291775809704e-10
871.824	2.16901881366552e-09	3.30433986569723e-10
872.987	2.7720592225605304e-09	4.22302727657234e-10
874.115	2.7502522440834e-09	4.0998456401988955e-10
875.269	2.8463427002029603e-09	4.243089329756305e-10
876.398	2.6573155599732603e-09	3.961303802404095e-10
877.61	2.2805764036071404e-09	3.399692290164535e-10
878.933	2.1802529966603e-09	3.32145286002195e-10
880.087	2.6792177361782304e-09	4.171972976032835e-10
881.383	2.0635569255120204e-09	3.1436751342225453e-10
882.609	2.32192064795809e-09	3.537273508366645e-10
883.684	2.3978561687619103e-09	3.5745233990791507e-10
884.951	1.9796488924852e-09	3.15155116642741e-10
886.329	2.1287446691983e-09	3.173353681665155e-10
887.401	2.4911504145609502e-09	3.71359784746772e-10
888.48	2.41920400557491e-09	3.60634594277848e-10
889.5098	3.10027037549285e-09	4.6216227417053904e-10
890.675	2.38320478355104e-09	3.630634551320145e-10
891.845	2.4070206231647303e-09	3.58818401886993e-10
892.956	2.5574642459463804e-09	3.8124528737731955e-10
894.0379	2.9287414844497e-09	4.3659207953721e-10
895.188	2.16674237346342e-09	3.22999663371709e-10
896.531	2.07101841641674e-09	3.087299884267915e-10
898.022	1.89726512004753e-09	2.82828269327224e-10
899.257	2.4015939413125404e-09	3.58009356959106e-10
900.408	2.5328196632647202e-09	3.77571437304792e-10
901.422	2.6407643432970404e-09	3.9366290485555904e-10
902.586	2.0455520150879303e-09	3.18525348935746e-10
903.77	2.7100260130839603e-09	4.128521935819185e-10
904.7359	3.1790068817679e-09	4.738996087674395e-10
905.956	1.6760032595547802e-09	2.49844431737536e-10
907.282	2.6316266754367403e-09	3.923007324074755e-10
908.37	2.2389734879908203e-09	3.41090873607662e-10
909.935	1.9677552170509403e-09	2.90130473885414e-10
911.163	2.5543571217024703e-09	3.89137305926513e-10
912.629	1.9045424242343303e-09	2.965679272469585e-10
914.029	2.4406493670232803e-09	3.6383150461147353e-10
915.198	2.2177630766771903e-09	3.269922085017915e-10
916.492	2.03395301700624e-09	3.098575247630925e-10
917.6354	3.0953991523189603e-09	4.6143609200209003e-10
918.5793	2.95328727342239e-09	4.40251228871527e-10
919.755	1.92152303458012e-09	2.864445663719595e-10
921.125	1.87685624872679e-09	2.7978591054178604e-10
922.3722	2.8724816929978e-09	4.3760112725470603e-10
923.452	2.42348405749472e-09	3.7737547975099e-10
924.5586	3.1277076691797403e-09	4.66252405609855e-10
925.567	2.8095882735927303e-09	4.1882986932633504e-10
926.634	2.6463345684950303e-09	4.031493786199445e-10
927.774	2.49184419173486e-09	3.7146326258965e-10
929.048	2.16172568886812e-09	3.222518877058235e-10
930.252	2.3676264334814304e-09	3.606902463083925e-10
931.52	1.9118849057945e-09	3.043672071446185e-10
932.953	2.5440618669021204e-09	3.792473391435085e-10
934.002	2.81177731082952e-09	4.19156134943971e-10
935.366	1.89426646576717e-09	2.823813831181775e-10
936.81	2.10840911070963e-09	3.14304010406043e-10
937.901	2.44367659625805e-09	3.642828468798415e-10
939.263	2.0653734670112e-09	3.078885953486895e-10
940.386	1.94998204327306e-09	3.0364353934641797e-10
941.752	2.3766173005153703e-09	3.542860442764685e-10
943.063	2.0340735775031702e-09	3.03222495181157e-10
944.421	1.88771539161302e-09	2.814046618805005e-10
945.685	2.0090119330033303e-09	2.994865276059525e-10
947.41	1.46661034219024e-09	2.2342704422094002e-10
948.7735	2.85378229643516e-09	4.347522748348755e-10
949.844	2.2052499233694103e-09	3.35953284422581e-10
951.146	1.9986852502856403e-09	2.97947189426986e-10
952.558	2.27586196399245e-09	3.5438822057077053e-10
953.859	2.1252487162615204e-09	3.16814161255503e-10
955.2332	3.0224077769262603e-09	4.5055508557242353e-10
956.232	2.2819883600643e-09	3.553422683864045e-10
957.649	1.85508281154728e-09	2.8886617226593055e-10
959.092	1.92430075334349e-09	2.93152816730065e-10
960.674	1.7389780633108201e-09	2.5923222132178355e-10
962.198	1.88103057572802e-09	2.865609957552865e-10
963.5	2.16892247520583e-09	3.233247349908305e-10
964.841	1.8371383708960501e-09	2.7386520454555147e-10
966.079	2.46605803625619e-09	3.676192223551165e-10
967.397	1.96084538438725e-09	2.92306364151656e-10
968.806	1.75147794325176e-09	2.610956667472415e-10
970.312	1.9546067658374903e-09	2.913763627389435e-10
971.736	1.9982702583017203e-09	3.1116283170047704e-10
973.007	2.1943408185767e-09	3.2711392476299604e-10
974.28	2.2631279004789103e-09	3.524054257988475e-10
975.561	1.9643609792752e-09	2.99255728785193e-10
976.931	2.69312105670523e-09	4.0146786879328554e-10
977.951	2.48710638060168e-09	3.70756914464067e-10
979.151	2.6661947241139503e-09	3.974539773518845e-10
980.246	2.3525107414689302e-09	3.5069259922736446e-10
981.522	1.91560547280972e-09	2.855623516119535e-10
983.044	1.94073725605242e-09	2.893088307559805e-10
984.371	2.24208051914736e-09	3.342304632702305e-10
985.628	2.3178923221214603e-09	3.455318377050225e-10
986.997	2.16882746492835e-09	3.23310486161892e-10
988.264	2.0811510073360803e-09	3.10240449827892e-10
989.4496	3.04646047639066e-09	4.743828102365545e-10
990.407	2.3358560788914503e-09	3.63730230075872e-10
991.916	1.7776079960873402e-09	2.6499080381366005e-10
993.218	2.3931103715227903e-09	3.56744676105752e-10
994.493	2.4428350433569802e-09	3.721476459965455e-10
995.659	2.41304319052556e-09	3.5971616123913303e-10
996.908	2.15785214347087e-09	3.28732665189873e-10
998.088	2.20955122934454e-09	3.29381384106986e-10
999.765	1.4745515161387101e-09	2.19813711274575e-10
1001.453	1.7357084274260102e-09	2.70277687609405e-10
1002.864	2.2902614861202902e-09	3.4890410396744103e-10
1004.467	2.00525559395332e-09	3.054857011422835e-10
1005.662	2.9926866119751203e-09	4.55913384999269e-10
1006.6201	2.9546663505157403e-09	4.600890007119845e-10
1007.948	1.7239206597522501e-09	2.56987541912825e-10
1009.488	1.99744671031929e-09	3.042960445489905e-10
1010.901	2.01331189243734e-09	3.001275761847945e-10
1012.303	1.6754110003375701e-09	2.55236332166373e-10
1014.121	1.6724754931139801e-09	2.54789137186166e-10
1015.467	2.12347933190136e-09	3.1980905685716346e-10
1016.781	2.2869856924343e-09	3.4092469727730104e-10
1018.05	1.9002189387812e-09	2.8948420661649355e-10
1019.49	2.40020724417357e-09	3.5780274508471753e-10
1020.604	2.5760983143367e-09	3.9244932069921597e-10
1021.908	1.89153650503862e-09	2.8197435641806547e-10
1023.394	2.04839511209855e-09	3.0535754781686255e-10
1024.587	2.28837962971772e-09	3.486175406244725e-10
1025.835	2.18809622915075e-09	3.333401357298675e-10
1027.149	2.0869279070572e-09	3.179278916621065e-10
1028.475	2.1207842265325e-09	3.23085664487601e-10
1029.852	1.90175783300453e-09	2.897186100014635e-10
1031.201	1.9588042163881403e-09	2.9840920562026353e-10
1032.622	1.7186579636155402e-09	2.6762268185945104e-10
1034.214	1.7019205216149102e-09	2.70941401178789e-10
1035.554	2.5985954237530404e-09	3.873766045904935e-10
1036.854	2.0952588599425303e-09	3.12343458586571e-10
1038.284	1.7711842549502301e-09	2.6982661459499e-10
1039.622	2.00287588682931e-09	3.05123121716892e-10
1041.192	1.80371011834595e-09	2.74781777205816e-10
1042.664	1.8057980109060702e-09	2.69193157685528e-10
1044.071	2.35005008543268e-09	3.5801255407633e-10
1045.483	1.8012194049586e-09	2.68510606652428e-10
1047.004	1.8592745178350802e-09	2.771649999591055e-10
1048.305	2.39862107832444e-09	3.6541189639807704e-10
1049.96	1.5978893190303202e-09	2.43426513406543e-10
1051.438	2.3508101449516304e-09	3.504389921756725e-10
1052.914	2.0870630127933e-09	3.11121759595163e-10
1054.346	2.1853437479515e-09	3.479011664595475e-10
1055.904	1.86544799894539e-09	2.841870870477745e-10
1057.28	2.12620647616212e-09	3.16957060630564e-10
1058.722	1.85635791965843e-09	2.76730253889314e-10
1060.258	1.86713047896035e-09	2.84443381841418e-10
1061.809	2.10154078099511e-09	3.13279939639705e-10
1063.345	1.9340053665458702e-09	2.883051804592465e-10
1064.765	2.0158564079054303e-09	3.071006215142295e-10
1066.145	1.7577072006201601e-09	2.73703202131234e-10
1067.57	1.8946036318017903e-09	2.88628663521468e-10
1069.149	1.7382124764083702e-09	2.6480366891455154e-10
1070.651	2.1929989269395403e-09	3.34086958767685e-10
1072.21	1.6729119899403701e-09	2.4938370300543953e-10
1073.74	1.8204298214810802e-09	2.77328883710552e-10
1075.465	1.4750302615781102e-09	2.247098686310445e-10
1077.003	2.1721019323004903e-09	3.23798703092169e-10
1078.39	2.02652345870248e-09	3.02097067318892e-10
1079.687	2.61860614599865e-09	4.16875393623172e-10
1080.936	1.7454589366352802e-09	2.65907644737937e-10
1082.492	1.93553496046453e-09	2.885332395392785e-10
1084.121	1.84862628036506e-09	2.878608141605595e-10
1085.564	2.08882324607846e-09	3.11384190605117e-10
1086.835	2.02611175815669e-09	3.08662970662458e-10
1088.65	1.7001893677634802e-09	2.50679875905816e-10
1090.322	1.5247378183052602e-09	2.27295066897475e-10
1092.018	1.8363799888039103e-09	2.79758737929571e-10
1093.566	2.2174519980044804e-09	3.30559030502247e-10
1094.96	2.14118027631671e-09	3.19189063660579e-10
1096.452	1.7857710303904402e-09	2.66207623432875e-10
1098.181	1.7317625829733602e-09	2.5815650251066303e-10
1099.656	1.8403342357768501e-09	2.92976472862544e-10
1101.06	2.18682155913676e-09	3.259929549924545e-10
1102.387	2.26475237295882e-09	3.3761022817592e-10
1103.887	1.72767482372195e-09	2.69026693991475e-10
1105.477	1.9734144366117e-09	2.94179924533445e-10
1106.912	2.2420313825540102e-09	3.34223106878046e-10
1108.676	1.44472080021585e-09	2.15366734266524e-10
1110.468	1.4348801715868402e-09	2.1389985104646248e-10
1112.309	1.5127880902900102e-09	2.304619633768365e-10
1113.947	1.47228830420826e-09	2.194763723873185e-10
1115.843	1.6665770535817402e-09	2.53890556903998e-10
1117.272	1.95093636563537e-09	2.90829150265029e-10
1118.818	1.6829635574902402e-09	2.508819958171815e-10
1120.438	1.68504520746132e-09	2.5119235787473303e-10
1121.993	1.92891149473149e-09	2.93855241702366e-10
1123.702	1.39267317195927e-09	2.07607987236143e-10
1125.424	1.9029570161552e-09	2.836768696649965e-10
1127.093	1.65156738076471e-09	2.57175660817824e-10
1128.735	2.0526296512147702e-09	3.059888381697185e-10
1130.23	1.87516984756821e-09	2.856681447045135e-10
1131.564	2.1807970140488103e-09	3.395851255354795e-10
1133.154	1.6816533017518402e-09	2.506867379091435e-10
1134.662	1.8708292088632e-09	2.788874502484635e-10
1136.193	1.6403171422478501e-09	2.44524623538165e-10
1137.705	2.08234975700029e-09	3.1041911571728205e-10
1139.427	1.4077126556320202e-09	2.14454513629947e-10
1141.021	1.95546524656172e-09	2.97900492458108e-10
1142.568	1.8161094892352302e-09	2.70730287055583e-10
1143.874	2.2550139256710603e-09	3.3615841730655703e-10
1145.101	2.1002081475542903e-09	3.19950917022305e-10
1146.803	1.9982710658010703e-09	3.0442164701149703e-10
1147.96	2.63952098932729e-09	3.93477504577416e-10
1149.503	1.66582234685315e-09	2.4832674487287303e-10
1151.192	1.5320884541265102e-09	2.33402197294569e-10
1152.934	2.3747997706635e-09	3.617828819319085e-10
1154.41	1.9157049970621e-09	2.91843241709681e-10
1155.865	1.83127692631286e-09	2.729913337303915e-10
1157.315	2.009374966638e-09	3.06113261995735e-10
1158.712	1.7273003395838e-09	2.574913734502395e-10
1160.395	1.60930875540144e-09	2.50595279260816e-10
1161.7294	2.7174336782990702e-09	4.139806869939595e-10
1163.275	1.3980956212052601e-09	2.084163447254765e-10
1164.965	1.81026724658237e-09	2.698594360310405e-10
1166.503	2.0866679463359803e-09	3.11062911995009e-10
1167.83	2.0845574790277e-09	3.17566751963081e-10
1169.458	1.49530340825958e-09	2.22907367344669e-10
1171.208	1.6316996434332701e-09	2.43240123922811e-10
1172.832	1.59145315140878e-09	2.3724051371701404e-10
1174.689	1.76900792096513e-09	2.63708910161009e-10
1175.987	1.7657120756423702e-09	2.6899309855664105e-10
1177.558	1.7897523421217702e-09	2.72655395995164e-10
1179.244	1.3473744573732601e-09	2.00855250201613e-10
1180.95	2.33029721320377e-09	3.47381059339521e-10
1182.286	1.7130816255999402e-09	2.55371730676332e-10
1183.816	1.9172262938762104e-09	2.858039301525615e-10
1185.314	1.5340333221080502e-09	2.286807566973185e-10
1187.269	1.6197767837741e-09	2.414627404646795e-10
1188.697	2.0532653740052e-09	3.1279959517736e-10
1190.13	1.6676939597249202e-09	2.486057732525675e-10
1191.647	2.2381941178497703e-09	3.485228184042385e-10
1192.93	1.97604341319338e-09	3.01035393089658e-10
1194.355	1.8017977449101201e-09	2.6859680607123396e-10
1195.883	2.0554383641760902e-09	3.1313065462607554e-10
1197.318	1.93296761418734e-09	2.88150541311133e-10
1198.954	1.4134398964173602e-09	2.20095268368687e-10
1200.623	1.6540373813190401e-09	2.4656992604266704e-10
1202.262	1.9271788592075302e-09	2.87287614009811e-10
1203.842	1.8929239168926e-09	2.82181160941845e-10
1205.197	2.0412881916386e-09	3.04298089080914e-10
1206.637	1.89076555869952e-09	2.8185946900883953e-10
1208.257	1.77560596638061e-09	2.64692388473937e-10
1209.786	2.0122449922348404e-09	3.0655044992288503e-10
1211.251	1.8169103890611202e-09	2.7679268675684e-10
1213.354	1.37888910387601e-09	2.10063435770279e-10
1215.151	1.5668968052396702e-09	2.43990994890396e-10
1216.749	2.1552226049039203e-09	3.283321077037205e-10
1218.131	1.8158148253748301e-09	2.7662590015727453e-10
1219.84	1.8324258235066602e-09	2.7316267874346846e-10
1221.63	1.21512608400773e-09	1.89214716122284e-10
1223.448	2.1461939823781103e-09	3.19936584240013e-10
1224.998	1.48874735201194e-09	2.26799575587096e-10
1226.856	1.7891642135053102e-09	2.725658236860385e-10
1228.371	1.8742662326395403e-09	2.8553046275053604e-10
1229.941	1.8447123988062802e-09	2.810281424422905e-10
1231.269	2.33039656408378e-09	3.628801853177565e-10
1232.761	1.63077002003422e-09	2.5961440283324947e-10
1234.236	1.9291107544636403e-09	2.93885608517335e-10
1236.004	1.4814535942744601e-09	2.20842602586615e-10
1237.55	1.9942047268178703e-09	2.972792253327215e-10
1239.112	1.7872499339332902e-09	2.66428159774942e-10
1240.781	1.85686292998508e-09	2.76805507444487e-10
1242.362	1.5832028371567202e-09	2.41189094812545e-10
1244.109	1.91636346185225e-09	2.85675307495238e-10
1245.761	1.5229124089287102e-09	2.37141876884974e-10
1247.765	1.3372550488417201e-09	1.99346676364663e-10
1249.5	1.7844176123801802e-09	2.66005935479802e-10
1251.152	1.85085082848305e-09	2.759093193901385e-10
1252.914	1.47800876256771e-09	2.251635981667445e-10
1254.601	1.87685728829815e-09	2.79786068907321e-10
1256.173	1.6075199985724902e-09	2.39635564685147e-10
1257.665	2.11419241002518e-09	3.15165949457299e-10
1259.362	1.5420173698833902e-09	2.29870893272005e-10
1261.06	1.5489642238907401e-09	2.41198538775579e-10
1262.758	1.6681056670840102e-09	2.4866707369452503e-10
1264.035	2.4098717922453404e-09	3.7079959870736897e-10
1265.647	1.47205189438523e-09	2.343469020232915e-10
1267.421	1.40135596216663e-09	2.23092284795588e-10
1269.273	1.7772044977430501e-09	2.649307319413285e-10
1271.102	1.42673311106122e-09	2.126853857358985e-10
1272.919	1.5600245530054102e-09	2.37658056914708e-10
1274.746	1.6046565603537e-09	2.44457419228652e-10
1276.308	1.93787894646793e-09	2.952213483528605e-10
1277.978	1.73586704617337e-09	2.64446376282868e-10
1279.666	1.8610500840829602e-09	2.835170912224615e-10
1281.367	1.9089697553037603e-09	2.90817228379727e-10
1282.84	2.03467793583604e-09	2.9999768295313446e-10
1284.246	2.04245735101395e-09	3.04472399313671e-10
1285.892	1.38959862787312e-09	2.0714969519090402e-10
1287.871	1.6569330173468e-09	2.5242132657126447e-10
1289.423	1.51116466252204e-09	2.40573589590232e-10
1290.923	2.4480625669320702e-09	3.6493651253149e-10
1292.292	1.7809647826093402e-09	2.65491235061305e-10
1293.798	2.35170453025529e-09	3.50572286192683e-10
1295.387	1.49330325168998e-09	2.226090294079e-10
1297.146	1.79813165915296e-09	2.799979490455265e-10
1298.591	2.06093558012846e-09	3.20920703678704e-10
1300.173	1.9567131123018703e-09	2.916903131938075e-10
1301.509	2.5380745595944604e-09	3.783548056613145e-10
1303.027	1.45636601749869e-09	2.171027877472845e-10
1304.868	1.43014479378111e-09	2.131939883286055e-10
1306.645	1.95135405953052e-09	3.03857240396545e-10
1308.249	1.6632618943147e-09	2.47945070231793e-10
1309.953	1.56085422375934e-09	2.3267900586271151e-10
1311.861	1.3022961039524401e-09	2.027884137762885e-10
1313.782	1.73429682971033e-09	2.58534334855356e-10
1315.492	1.7529355099587402e-09	2.6131282785005005e-10
1317.469	1.2662975722328202e-09	1.8876894610094102e-10
1319.457	1.6069823724999e-09	2.39555399294596e-10
1320.903	2.05508466048342e-09	3.0635467242650403e-10
1322.418	1.6906116163064402e-09	2.575520207520355e-10
1324.039	1.6254558224875801e-09	2.42309284697661e-10
1325.836	1.5564070660171702e-09	2.32016061375368e-10
1327.585	1.5846498519189102e-09	2.36226266437331e-10
1329.243	1.5953017106907101e-09	2.37814165413624e-10
1331.05	1.7107200832879602e-09	2.66386570746753e-10
1332.883	1.3276765421495901e-09	1.9791885192726199e-10
1335.036	1.4408422355454602e-09	2.1478862080154351e-10
1336.998	1.8148369510457203e-09	2.70540608867483e-10
1338.495	1.7787685205070802e-09	2.651638135431565e-10
1340.259	1.7083644727860501e-09	2.546686033811835e-10
1341.754	1.8803794699890903e-09	2.80311156489342e-10
1343.372	1.5758094664750202e-09	2.34908390570389e-10
1345.114	1.69074887106974e-09	2.52042627621094e-10
1347.018	1.4078958372076502e-09	2.098773213993355e-10
1349.136	1.2439784542222202e-09	2.02510050489774e-10
1351.326	1.4290189319333102e-09	2.13026024592235e-10
1352.93	2.26143322301942e-09	3.37115392984568e-10
1354.713	1.32345170260389e-09	2.06082704297103e-10
1356.557	1.49394631689038e-09	2.2759153484970601e-10
1358.444	1.6676217604989802e-09	2.5967546449418003e-10
1360.042	1.5035796128435901e-09	2.29059044039399e-10
1361.962	1.6127986360272802e-09	2.456977823462965e-10
1363.707	1.8497312343172102e-09	2.8179276994469703e-10
1365.494	1.5264330124702802e-09	2.275478184574795e-10
1367.285	1.3930354334767802e-09	2.0766213687959752e-10
1369.223	1.53553003308039e-09	2.3392659618559453e-10
1371.024	1.46754175615568e-09	2.235690066300825e-10
1372.893	1.5782323005315501e-09	2.4043190859073497e-10
1374.645	1.73626588157787e-09	2.5882793796684553e-10
1376.649	1.37210619860857e-09	2.0454210232794e-10
1378.766	1.7563497378046502e-09	2.618218722006435e-10
1380.4	1.68522695100069e-09	2.5121949684677203e-10
1382.024	1.73152581559946e-09	2.581212663618345e-10
1383.862	1.5835302703577302e-09	2.36059309905581e-10
1385.675	1.7430981037333402e-09	2.59846341452563e-10
1387.558	1.38293630555475e-09	2.06156455784416e-10
1389.434	1.3618900733704101e-09	2.074736806411975e-10
1391.584	1.5705366242766301e-09	2.3412233027322153e-10
1393.602	1.53111687942743e-09	2.2824595710663002e-10
1395.546	1.19674430119679e-09	1.823150093744005e-10
1397.451	1.5750466500099202e-09	2.399465662713955e-10
1399.419	1.42333589963923e-09	2.12178904046732e-10
1401.303	1.5957977817481e-09	2.43107830080426e-10
1403.374	1.2012872845348802e-09	1.8300709749014949e-10
1405.268	1.68066918633823e-09	2.50539994894372e-10
1406.934	1.5333137450717401e-09	2.28573453679479e-10
1408.545	1.8036849884271802e-09	2.74777922102635e-10
1410.119	1.73810371259342e-09	2.59101886724632e-10
1411.716	1.95329140264513e-09	2.9118015234159205e-10
1413.731	1.18135883225594e-09	1.76106958985881e-10
1415.91	1.4792269591587902e-09	2.25349125435978e-10
1417.703	1.58984806297822e-09	2.37001124799661e-10
1419.441	1.6581986488543802e-09	2.582081161958425e-10
1421.043	1.7156026295782701e-09	2.55747577124704e-10
1422.718	1.67657679333321e-09	2.49929950108249e-10
1424.205	2.03421962508287e-09	3.0989813959979003e-10
1425.828	1.36366857187486e-09	2.03284224204254e-10
1427.852	1.73667196710984e-09	2.64568911541641e-10
1429.834	1.24475782351485e-09	1.89629546919489e-10
1431.648	1.44863118524201e-09	2.15949751919796e-10
1433.629	1.48426202011185e-09	2.2126126344427502e-10
1435.68	1.20323768399919e-09	1.79368525967937e-10
1438.015	1.25631587686357e-09	1.91390318941936e-10
1439.899	1.4264362321441302e-09	2.22119062410713e-10
1441.965	1.40510328637024e-09	2.18797095466338e-10
1443.994	1.6645181695953e-09	2.83544502428886e-10
1445.794	1.4950205735055e-09	2.32798700326665e-10
1447.808	1.38126066363802e-09	2.05906692681543e-10
1449.459	1.94045826914203e-09	2.89267107113351e-10
1450.927	2.01953308610448e-09	3.01054897509337e-10
1452.863	1.11867486643827e-09	1.74195641343646e-10
1454.915	1.5466406466167301e-09	2.30560149517167e-10
1457.044	1.26993636346833e-09	1.89311427845624e-10
1459.306	1.18931254031442e-09	1.8519506459756002e-10
1461.224	1.6641196635097902e-09	2.4807297771629153e-10
1463.274	1.1261393873664602e-09	1.67875390476159e-10
1465.549	1.5867669302273101e-09	2.4173212413535297e-10
1467.41	1.5982818934295602e-09	2.3825840159114753e-10
1469.257	1.3131680354442702e-09	2.00051323590366e-10
1471.245	1.3780665692667902e-09	2.09938106996124e-10
1473.22	1.4679331652962101e-09	2.23628654802616e-10
1475.383	1.19539717187526e-09	1.821097698967775e-10
1477.421	1.63243365819776e-09	2.43349413589924e-10
1479.191	1.71845683916223e-09	2.6179395107936803e-10
1481.261	1.30492022187557e-09	1.98794750135297e-10
1483.295	1.48951652946453e-09	2.26916577191331e-10
1485.18	1.4160076095662e-09	2.157180901169065e-10
1487.104	1.5690030609242e-09	2.363014673920585e-10
1488.783	2.07445039804597e-09	3.23025259519764e-10
1490.085	2.3180708093354904e-09	3.455585104389385e-10
1491.558	1.6788532657259101e-09	2.50269324552109e-10
1493.412	1.4587511994551201e-09	2.22229801786667e-10
1495.475	1.2922311543509e-09	1.9686175600140301e-10
1497.317	1.8103605802518701e-09	2.69873238157846e-10
1499.486	1.1083894884014e-09	1.65229344999543e-10
1501.804	1.2993386436755701e-09	1.93694439833819e-10
1503.525	1.3607124418221201e-09	2.0729430125686e-10
1505.412	1.77135531635999e-09	2.69852653318655e-10
1507.147	1.447605702742e-09	2.1579684221117003e-10
1508.978	1.69779077950737e-09	2.5309230388057703e-10
1510.967	1.2878670228670301e-09	1.9198432027677e-10
1513.137	1.6470248034751901e-09	2.45524596709576e-10
1515.135	1.37496186632683e-09	2.0946515835988251e-10
1517.579	1.31179108763684e-09	1.9555081063862852e-10
1519.655	1.471827890688e-09	2.19407675097098e-10
1521.49	1.5900708207817802e-09	2.37034359429092e-10
1523.649	1.52374130111876e-09	2.2714648292125003e-10
1525.548	1.49401953075731e-09	2.22715807762002e-10
1527.599	1.4630544014520301e-09	2.18099738144896e-10
1529.831	1.366292268606e-09	2.0367529201799003e-10
1531.912	1.06056825613775e-09	1.61569612763391e-10
1534.16	1.6520116139778e-09	2.46267926008927e-10
1535.866	1.5233058033068802e-09	2.32064198977984e-10
1538.232	1.06335400062413e-09	1.58515810357711e-10
1540.511	1.3128254263313601e-09	2.04427989661894e-10
1542.753	1.1356492028636801e-09	1.7683880678485e-10
1545.261	1.10283002897283e-09	1.644006281667795e-10
1547.528	1.0931229058254901e-09	1.6295350561664652e-10
1549.997	1.5004745248349302e-09	2.28586019553473e-10
1551.554	1.89547256678139e-09	2.82560974386674e-10
1553.622	9.93416217009478e-10	1.51339511762965e-10
1556.208	1.1980030393487602e-09	1.78588212923325e-10
1558.349	1.5912036767311802e-09	2.47776025784079e-10
1560.456	1.1424603501314701e-09	1.74045245092695e-10
1562.557	1.38591684808274e-09	2.0660084145672002e-10
1564.577	1.3375994917472402e-09	1.9939801399913002e-10
1566.74	1.3900681406204201e-09	2.07219578550313e-10
1568.607	1.98043316192949e-09	2.952262180578975e-10
1570.384	1.36348670564824e-09	2.03257120319705e-10
1572.666	1.2193034949723801e-09	1.8575180717135002e-10
1574.722	1.74425711209841e-09	2.6001916572567056e-10
1576.357	1.6042293383585702e-09	2.3914497657271953e-10
1578.448	1.59453018535945e-09	2.37699040829244e-10
1580.455	1.28473111157833e-09	1.95719133614705e-10
1582.523	1.3379773158158502e-09	2.03830851783346e-10
1584.709	1.27471637122493e-09	1.94193434264195e-10
1586.917	1.41913907031457e-09	2.16195210144882e-10
1589.401	1.05542836518409e-09	1.60786614329389e-10
1592.045	1.6275896912081602e-09	2.53441787544228e-10
1594.059	1.6776761223966802e-09	2.50093737026927e-10
1595.903	1.6087818948704902e-09	2.47538383420304e-10
1597.983	1.5301956718580202e-09	2.28108701800083e-10
1599.825	1.4949875953743701e-09	2.27750089752265e-10
1601.998	1.33142908732793e-09	2.02833194476291e-10
1604.211	1.45344589825555e-09	2.16667411778893e-10
1606.137	1.46174023073664e-09	2.17903903161577e-10
1608.055	1.4216470206234e-09	2.16577284428378e-10
1610.441	1.1727158219458601e-09	1.90909003036683e-10
1612.632	1.2941083843126e-09	1.92914734697899e-10
1615.009	1.1882193445960901e-09	1.7712974101700002e-10
1617.667	1.228949220953e-09	1.872212410855745e-10
1619.868	1.39195188223355e-09	2.12053462104999e-10
1622.067	1.4653975824809402e-09	2.23242236540686e-10
1623.715	1.5444940592406302e-09	2.30240169010108e-10
1625.583	1.7570058251880302e-09	2.6191963671261003e-10
1627.584	1.1671076593300402e-09	1.73982578322074e-10
1629.692	1.2726849154807802e-09	1.93884006176347e-10
1632.226	1.1902064127315701e-09	1.8131899261994702e-10
1634.259	1.3572308217436901e-09	2.023244733574805e-10
1636.534	1.2190020981641e-09	1.85705768583806e-10
1638.394	1.7181034049055702e-09	2.67536247741321e-10
1640.455	1.2207337380921301e-09	1.819766214657775e-10
1642.976	1.1704603389543802e-09	1.82259480978528e-10
1645.018	1.6021542336629701e-09	2.44076194682466e-10
1647.008	1.22086790462174e-09	1.81996715350495e-10
1649.339	1.12224528745827e-09	1.70965690908863e-10
1651.581	1.3878596457924502e-09	2.1611204698494e-10
1653.59	1.58676898730379e-09	2.36542103421552e-10
1655.457	1.3777376068460101e-09	2.09888002405026e-10
1657.64	1.31928898404977e-09	1.9666843997428402e-10
1659.615	1.8141105113361701e-09	2.704322949517795e-10
1661.538	1.5421466001257102e-09	2.298901984875905e-10
1663.623	1.06901263392025e-09	1.62856108626865e-10
1665.886	1.42879753545647e-09	2.17666628542526e-10
1668.224	1.11586463084202e-09	1.73758060639475e-10
1670.479	1.3138409012097202e-09	1.95856324151675e-10
1672.565	1.5564039002106502e-09	2.320155211564645e-10
1674.358	1.5747554194254502e-09	2.347512254173465e-10
1676.174	1.75209378672489e-09	2.61187343859886e-10
1678.234	1.35974617691189e-09	2.07147172446785e-10
1680.396	1.15359609608058e-09	1.71968397784124e-10
1682.601	1.5702847007869301e-09	2.340847556364065e-10
1684.303	1.6617112650943102e-09	2.70513647008659e-10
1686.167	1.29995867345391e-09	1.9378686700637e-10
1688.763	1.20821143075677e-09	2.01174932871788e-10
1690.953	1.9315967618523803e-09	2.87946137831103e-10
1692.905	1.5203318509822801e-09	2.26638155436008e-10
1695.225	1.3591695740038e-09	2.0705931170280502e-10
1697.786	1.2889701420220301e-09	1.92148742587029e-10
1700.011	1.114579731218e-09	1.661520943128635e-10
1702.198	2.0147406152867702e-09	3.003405717919085e-10
1703.859	1.38239936945996e-09	2.15261768703272e-10
1706.052	1.1973593604398801e-09	1.82408749660546e-10
1708.573	1.3790350419196702e-09	2.0557490383375302e-10
1710.804	1.22021250543182e-09	1.81898981709699e-10
1712.871	1.4161843598047502e-09	2.20522665872771e-10
1714.992	1.1176947304527801e-09	1.66616543352375e-10
1717.42	1.3041117352695e-09	2.03071110313264e-10
1719.396	1.43108857581382e-09	2.133346188102295e-10
1721.484	1.6384933011223e-09	2.442527442103e-10
1723.512	1.1963412386014801e-09	1.82253621211462e-10
1726.091	1.15190272665236e-09	1.75483715526472e-10
1728.602	9.81847785916895e-10	1.4636560885810252e-10
1731.212	1.27054015258968e-09	1.8940137938321452e-10
1733.54	1.3168640428218102e-09	1.963069674873345e-10
1735.554	1.2501112238822502e-09	1.86356011037105e-10
1737.767	1.4063484840498402e-09	2.096465701433605e-10
1740.141	1.2248355740790501e-09	1.825881258171965e-10
1742.246	1.8600975785222702e-09	2.7728770458747603e-10
1744.283	1.3123445606023702e-09	1.95633255424682e-10
1746.4	1.13776855831151e-09	1.696089814960735e-10
1749.154	1.25067863880013e-09	1.86440638361927e-10
1751.52	1.26747165755065e-09	2.01778206634529e-10
1753.454	1.4104228052031501e-09	2.10253874900345e-10
1755.965	1.5066548326995802e-09	2.22144692499423e-10
1758.077	1.39843099161922e-09	2.08466308767978e-10
1760.284	1.4820856298931702e-09	2.20936847937943e-10
1762.664	1.09481394959455e-09	1.66786699179181e-10
1765.021	1.27116067674417e-09	1.9365182449530501e-10
1767.031	1.5817134720078702e-09	2.35788474185802e-10
1769.367	1.08924901670409e-09	1.62376075673554e-10
1771.721	1.3723317183643502e-09	2.04575616969256e-10
1774.12	1.0066733405830901e-09	1.5675519850225499e-10
1776.297	1.2695377525026102e-09	1.89251964297201e-10
1778.624	1.17181074156297e-09	1.7468359291184e-10
1781.246	1.1381705305735301e-09	1.7339172387833501e-10
1783.309	1.5200255732466402e-09	2.26592586315508e-10
1785.8	1.1912289732438301e-09	1.77578293443704e-10
1787.896	1.54311214495742e-09	2.30034108219223e-10
1789.932	1.4749028702931e-09	2.19866065451717e-10
1792.58	1.19123458994675e-09	1.77579173703082e-10
1794.835	1.4539083655347601e-09	2.21492007899753e-10
1797.042	1.0096588969269902e-09	1.538139202873965e-10
1799.833	1.4170575385357e-09	2.11243003188817e-10
1802.308	1.1047255531468e-09	1.6829671462733851e-10
1804.892	1.19124622892614e-09	1.77580921778706e-10
1807.102	1.5559177095887701e-09	2.370324059483325e-10
1809.271	1.04670509873743e-09	1.59457678790176e-10
1811.805	1.23958293870129e-09	1.8884114695521002e-10
1813.871	1.5337891142251502e-09	2.38835539787885e-10
1815.895	1.3967521680867e-09	2.0821596634406802e-10
1818.2	1.16530880710722e-09	1.73714414986843e-10
1820.202	1.433912492815e-09	2.1844574836055403e-10
1822.672	1.18837573872715e-09	1.8104012237658101e-10
1825.002	1.2191194696937202e-09	1.898364222443325e-10
1827.675	1.1513589458727802e-09	1.79285022160186e-10
1830.258	1.11826489704221e-09	1.66701407582157e-10
1833.138	1.3021407757404801e-09	1.98371326851341e-10
1835.304	1.54201073862602e-09	2.349137694415535e-10
1837.386	1.3006174472925601e-09	1.93885098803366e-10
1839.777	1.3308109515561101e-09	2.02739063493815e-10
1841.866	1.26764569281336e-09	1.86904640218219e-10
1844.773	1.03775917264957e-09	1.54700379117305e-10
1847.185	1.57646403937971e-09	2.32437570055474e-10
1849.074	1.40624341729938e-09	2.096309071794415e-10
1851.214	1.5617615743952802e-09	2.32814231060665e-10
1853.166	1.4090435335287202e-09	2.10048312305719e-10
1855.395	1.40060725393665e-09	2.08790738854052e-10
1857.869	1.06927745260559e-09	1.5939885236725601e-10
1860.298	1.8917505344134903e-09	2.88193941548126e-10
1862.464	1.35442615440388e-09	2.0633660128831401e-10
1864.65	1.5309714929769601e-09	2.28224262445346e-10
214.387	7.18971345611656e-09	9.93076558756528e-10
224.277	1.01659873690851e-08	1.4989113909251801e-09
234.342	6.16200315908084e-09	8.91014729956665e-10
247.308	6.83944308646819e-09	9.35812764864887e-10
258.552	7.17984815810141e-09	1.07113817147151e-09
272.846	6.47725382807231e-09	7.215309158714181e-10
6400.089	5.02502466847815e-10	1.1024871461265201e-10
6412.715	3.96871530941484e-10	8.924781415104749e-11
6431.002	4.49453312224441e-10	9.418055081566149e-11
6444.981	3.53588371423343e-10	7.747220643520809e-11
6464.239	2.58068765400816e-10	5.836593119100669e-11
6485.652	4.11845115344729e-10	8.26494026975393e-11
6505.156	3.0440999967747503e-10	6.67873556422183e-11
6524.916	2.61404575797521e-10	5.87007573201861e-11
6545.751	3.18724829337642e-10	7.00227805522576e-11
6564.825	4.96187824465107e-10	1.01523112547334e-10
6584.088	2.94824379018952e-10	6.686987098895969e-11
6599.259	3.8236811610408803e-10	8.6354518007113e-11
6613.33	4.93654689243961e-10	1.08015106332145e-10
6629.47	3.0030550804562903e-10	6.77247522133619e-11
6645.645	4.10606307077374e-10	9.233643661811909e-11
6664.071	3.57917033773812e-10	7.54656253836659e-11
6683.334	4.59028039780134e-10	9.79910271937159e-11
6700.087	3.76708413054932e-10	8.062531438151569e-11
6715.598	3.80209183889497e-10	8.574453435390139e-11
6734.403	3.39369717884191e-10	7.62085900567112e-11
6748.604	3.18170779808915e-10	6.971208157170769e-11
6771.409	3.6276634994244e-10	7.96985586750285e-11
6787.957	3.82359219926307e-10	8.19404602336355e-11
6803.855	3.4372066685084603e-10	7.74053331069548e-11
6827.763	2.7754598603204403e-10	6.07290199051289e-11
6846.354	3.34941987839302e-10	7.52142801161025e-11
6860.688	4.5752786829992303e-10	9.372372140917559e-11
6877.307	3.22435827108653e-10	6.93675363954908e-11
6896.177	3.2764188618311e-10	7.159373106880449e-11
6917.965	4.82771523140763e-10	1.0116221550647e-10
6934.981	3.21803813996495e-10	7.089140672809509e-11
6956.8	2.7561452213975703e-10	6.206797625903089e-11
6983.698	2.6984966972574303e-10	5.6615491973790294e-11
6999.802	4.49985718955504e-10	1.01192002918273e-10
7015.597	3.65195717090969e-10	8.200804567981279e-11
7033.084	5.54647221713591e-10	1.15651950601667e-10
7053.046	2.66937116736455e-10	5.720523052949449e-11
7073.015	3.5579469459598803e-10	7.978366699658439e-11
7092.479	2.96114960160329e-10	6.35401774209524e-11
7118.806	2.57165885492927e-10	5.5111233640943294e-11
7135.949	3.84572575312488e-10	8.648205296275359e-11
7152.521	3.49260388996373e-10	7.642064753184089e-11
7177.632	2.51288838519788e-10	5.27866405745287e-11
7200.385	2.88843543885712e-10	6.47704931178269e-11
7221.173	3.48191407166744e-10	7.62896971410758e-11
7239.25	4.22724907883916e-10	9.479218888931739e-11
7262.693	2.37393662074307e-10	5.338468403545669e-11
7284.404	2.91299212137056e-10	6.26689120691631e-11
7305.568	3.0411562635612005e-10	6.84863561591679e-11
7326.732	3.2431054230822503e-10	6.675002202730359e-11
7348.327	2.86998362304126e-10	6.305256842376009e-11
7371.492	3.26906612536664e-10	7.182031890794339e-11
7391.876	3.44787145819878e-10	7.379335832654379e-11
7408.619	3.66608252125878e-10	8.244222246847559e-11
7435.515	2.3342908017094e-10	4.7004736207260494e-11
7465.159	3.60634053385535e-10	7.718498895767329e-11
7481.695	3.85321933770984e-10	8.45393878390314e-11
7503.452	3.09283260413286e-10	6.64517617881844e-11
7520.976	3.81185638761273e-10	8.374523583307689e-11
7536.868	4.21384426034986e-10	9.48950984984543e-11
7558.227	3.33860697859355e-10	7.324882732931219e-11
11849.242	2.79839544496027e-10	6.15962852593621e-11
11898.41	1.80566612622725e-10	4.0744226103183004e-11
11951.065	2.02072037046088e-10	4.55375120376577e-11
12009.978	1.43549580613009e-10	3.25611489690563e-11
12079.307	1.46304349386086e-10	3.32295297144353e-11
12123.575	2.91585701810563e-10	6.57097034698982e-11
12163.611	2.39679768532859e-10	5.249611159129949e-11
12216.376	1.8812078613463201e-10	4.1459221995621696e-11
12271.009	1.9020849016191402e-10	4.0985608504593696e-11
12316.634	2.24224180806045e-10	5.0463896928357597e-11
12368.199	2.26214376727816e-10	4.74353022241283e-11
12415.421	1.73859074957616e-10	3.92306943473493e-11
12480.858	1.62447940040365e-10	3.6847844090454594e-11
12527.052	2.67688987891556e-10	5.877596735120929e-11
12576.717	1.94749207355995e-10	4.2973406720925194e-11
12622.895	1.51151759147796e-10	3.4195974038156095e-11
12695.236	2.02798420144767e-10	4.5820455463557e-11
12740.411	2.1532975567913101e-10	4.75147156941259e-11
12791.641	1.95281052582933e-10	4.4007145750337e-11
12843.801	1.53752709391378e-10	3.4139338620441795e-11
12909.482	1.56273512237073e-10	3.5447313479672697e-11
12987.186	1.1035251208208001e-10	2.4965715121921298e-11
13045.131	1.88522868547432e-10	4.2484167201782794e-11
13105.934	1.9956295897076e-10	4.5089437467273696e-11
13158.084	1.82818684058222e-10	4.1198714953073694e-11
13214.252	2.12951930653359e-10	4.80518633760537e-11
13270.626	2.27197041385478e-10	3.83058584317456e-11
17784.637	1.56032818598867e-10	3.41839638316751e-11
17826.013	1.49055784640801e-10	3.35615094519982e-11
17867.008	1.57673943425696e-10	3.5501979542307596e-11
17912.514	1.39608507301554e-10	3.13907293985399e-11
17962.405	1.0518363749231401e-10	2.3683223706375e-11
18034.884	1.01526431893468e-10	2.2360633724982297e-11
18087.024	1.42347331517727e-10	3.20510269580705e-11
18141.43	1.16279198370327e-10	2.6181503153042e-11
18188.317	1.1190320709023201e-10	2.51962053965889e-11
18251.878	1.26924569987954e-10	2.8578422923049098e-11
18300.894	1.0803806977200401e-10	2.4292170192848797e-11
18354.679	1.3647183878412e-10	3.0685439325697794e-11
18394.923	1.37133934015848e-10	3.07489643975748e-11
18457.724	9.294062571905409e-11	2.1072985560546198e-11
18516.765	8.996040846969879e-11	1.9787037511303797e-11
18581.341	1.38034325152811e-10	3.10367725871221e-11
18636.286	1.36316958507722e-10	2.99040346353106e-11
18680.753	1.01611156913421e-10	2.30067166682309e-11
18751.142	8.860637271384339e-11	1.9619147522275e-11
18809.128	1.1044655029668401e-10	2.51477591596116e-11
18869.178	1.03262632450572e-10	2.3315481271264397e-11
18934.535	1.10029636869962e-10	2.42334091042206e-11
18987.445	1.3006484378377601e-10	2.5809223226416498e-11
23635.36	7.28710993432293e-11	1.63472968663678e-11
23671.352	8.926850445031509e-11	1.96006355737462e-11
23708.322	7.07845935167925e-11	1.6035151796276298e-11
23759.471	5.6536507683422896e-11	1.2807470764923898e-11
23810.368	5.6203699040045397e-11	1.27320783437488e-11
23858.636	7.330951852314479e-11	1.65260031345339e-11
23904.393	5.3295759114523e-11	1.1994815381703698e-11
23949.779	8.878857572561959e-11	2.00154173320133e-11
23979.364	8.880890431304201e-11	1.9987453282194398e-11
24023.928	7.25713272269008e-11	1.59098113315399e-11
24061.476	5.82937588844359e-11	1.3162470744892699e-11
24115.01	6.7256888756439e-11	1.5136923435890698e-11
24145.975	7.817329045615701e-11	1.7536751366915797e-11
24191.355	5.68084288158552e-11	1.2785380355128698e-11
24242.631	7.352836706588469e-11	1.6441446501460098e-11
24301.877	4.35011567490563e-11	9.56633193005114e-12
24357.087	5.74958401090601e-11	1.2961162721040299e-11
24392.505	1.54833146042807e-10	3.3891664100226796e-11
24426.529	6.515122741859509e-11	1.4239080276970498e-11
24469.042	7.411570209865359e-11	1.6680569951779897e-11
24511.04	7.4126028526162e-11	1.6737324743326498e-11
24543.635	9.27593963919935e-11	2.0775197736038797e-11
24585.924	7.466024788595849e-11	1.64952361252516e-11
24617.1	1.24770215270069e-10	2.7989922960958897e-11
24654.706	6.076185870191439e-11	1.3719763436590001e-11
24701.619	1.0714044297686e-10	2.3452136538818597e-11
24748.036	8.7520769456473e-11	1.4476825953967499e-11
28034.831	5.53598762282964e-11	1.24521296448785e-11
28091.873	6.34069142000559e-11	1.4220061033328598e-11
28143.161	5.401814491415109e-11	1.1870900240889699e-11
28200.94	6.26857638486871e-11	1.4079106269838899e-11
28256.6	5.11916090110676e-11	1.1480576102866299e-11
28312.389	5.88777013185888e-11	1.3263027578966499e-11
28359.779	8.6860792860185e-11	1.94799837554251e-11
28412.304	6.360950372308389e-11	1.4371528897366099e-11
28467.715	5.70914570291398e-11	1.2841614574761199e-11
28536.691	5.1367364066727196e-11	1.1384743803893098e-11
28604.738	3.7359292592456e-11	8.4532868128117e-12
28682.719	4.7099850043190093e-11	1.0657284816898699e-11
28728.565	8.262310939006679e-11	1.8208437042034198e-11
28774.866	6.16595861924264e-11	1.3869124260385899e-11
28827.18	4.80415489130926e-11	1.0572415497752499e-11
28888.821	5.2138951778929296e-11	1.1832704751753198e-11
28946.662	7.120928869351259e-11	1.53668463118994e-11
28989.682	6.7156271839494e-11	1.4695892902219e-11
29039.59	6.429200765701579e-11	1.4148619655840899e-11
29089.493	4.5790533719026394e-11	1.0006335350457199e-11
29160.238	5.1056406108487796e-11	1.1518241817884001e-11
29210.512	6.94376578833538e-11	1.5688302615537598e-11
29257.02	5.0187597941833195e-11	1.13054584706468e-11
29322.554	5.822067184202739e-11	1.2794434698293899e-11
29389.28	4.6599110594385896e-11	1.0512684802734098e-11
29447.451	5.2451947379863694e-11	1.1763232030841899e-11
29505.869	4.4538825804036295e-11	9.97386317789296e-12
29572.573	6.662419389184279e-11	1.4620540613723497e-11
29619.2	4.8686547520923394e-11	1.09349117671033e-11
29700.883	3.69834966008245e-11	7.83182268825241e-12
33746.322	4.1733227145757595e-11	9.385162605279009e-12
33802.864	5.51482443367801e-11	1.24375267692573e-11
33866.546	3.4099406613450794e-11	7.701433260458909e-12
33937.631	3.8619125399018696e-11	8.684844557060579e-12
33989.659	4.2193386020147394e-11	9.50221666880572e-12
34046.075	5.7624469090823396e-11	1.29219375866967e-11
34085.816	6.43645958994201e-11	1.4453955577383499e-11
34131.323	4.5422289514925495e-11	1.02293881041587e-11
34180.718	5.2996960516771195e-11	1.1935249095159299e-11
34249.229	3.35906589489463e-11	7.1894039502915794e-12
34317.99	3.37232659759564e-11	7.638396631531019e-12
34382.269	4.2938886191336097e-11	9.39545604788426e-12
34431.575	6.246460211241329e-11	1.39873759576926e-11
34475.579	5.3970975291691293e-11	1.2102663834521798e-11
34531.114	4.08694836197739e-11	9.138692785164519e-12
34600.685	2.8658778277764597e-11	6.44491873373779e-12
34669.144	4.9680131250391e-11	1.12364996360673e-11
34707.883	7.801232337586619e-11	1.7444094887845e-11
34780.515	4.06184293409244e-11	7.11979457251355e-12
50993.213	3.30989826226622e-11	7.466901918782969e-12
51123.716	2.8252431007415297e-11	6.3664850195971695e-12
51254.734	2.5178088995338297e-11	5.7019246859044796e-12
51354.228	3.4184720843878296e-11	7.53198963782522e-12
51491.629	2.3500502109492597e-11	5.17159724527899e-12
51640.482	2.6214459219676796e-11	5.90859010852928e-12
51741.524	1.6450332924295597e-11	3.72147023002004e-12
51886.932	1.9434115345491598e-11	4.38380272984631e-12
52103.304	2.4670839551726002e-11	5.43995249948372e-12
52234.05	2.18385704331645e-11	4.7806009424311195e-12
52402.449	3.40339804583906e-11	7.6523445027609e-12
52566.901	2.0652103808367197e-11	4.5495773761959196e-12
56871.64	1.85374580672911e-11	4.2034665639728e-12
57024.076	1.3761350077409399e-11	3.13147975419958e-12
57174.392	2.3504537873685597e-11	5.16325219387176e-12
57274.946	2.5031046665405096e-11	5.61009603382009e-12
57406.822	1.65657369755052e-11	3.73446100038407e-12
57528.563	1.59037794845284e-11	3.5858250303673995e-12
57597.518	2.5940371654968398e-11	5.8141714171708095e-12
57646.788	3.70794814538665e-11	8.320691010727959e-12
57713.603	1.62752836151752e-11	3.67396105733022e-12
57796.971	1.63426866283189e-11	3.6804047288502994e-12
57873.701	1.84528806917058e-11	4.03128159992995e-12
57965.84	1.7216989475483398e-11	3.86351987081674e-12
58052.09	1.55106836403438e-11	3.50553803346913e-12
58129.819	2.1348450245617198e-11	4.79062606444843e-12
58190.873	2.5423616982471098e-11	5.68489632649352e-12
58254.558	1.8245984672747498e-11	4.0944276706729195e-12
58345.271	2.0157006949095198e-11	3.5791349865466897e-12
63411.629	2.0433983464467898e-11	4.4962768551032295e-12
63587.058	1.7196122852954497e-11	3.87577335119347e-12
63690.615	1.4637483298440298e-11	3.29567697632597e-12
63768.346	2.29650062903944e-11	5.16469295191473e-12
63852.712	1.3650512776079499e-11	3.0734564649781597e-12
63975.695	1.94904027745373e-11	4.3976367509746296e-12
64081.629	2.1252317255867498e-11	4.79517886911942e-12
64169.293	1.4965084550593598e-11	3.1972218440176297e-12
64280.964	1.43194451247778e-11	3.22035746953025e-12
64347.911	2.1025208074957498e-11	4.71216820118172e-12
64420.875	2.16447385036494e-11	4.86777232491633e-12
64469.391	3.05117023821477e-11	6.83828256882211e-12
64541.098	1.68050994005011e-11	3.7750200192781896e-12
64599.168	2.53703392687499e-11	5.54230485302175e-12
64688.272	1.28254762801885e-11	2.8943688941354996e-12
64814.516	1.7970451112715697e-11	3.0197109780303297e-12
98476.46	1.17253405020485e-11	2.6513483817484996e-12
98606.458	1.1106302266994399e-11	2.49733040343723e-12
98723.427	1.3563501533281499e-11	3.05326268593897e-12
98901.57	9.91305731882562e-12	2.2466037208004e-12
99143.732	9.02651867006416e-12	1.50475257042746e-12
109557.642	7.1253431745497195e-12	1.6182385014346999e-12
109861.004	8.46990343628681e-12	1.4845999947810899e-12
121412.878	7.72434421617424e-12	1.74435919464961e-12
121715.284	3.90131749762084e-12	1.0294761480374199e-12
122017.272	6.85787777146946e-12	1.2268457730431998e-12
127093.102	7.70205416612216e-12	1.73542249226712e-12
127300.825	7.02485048062073e-12	1.59857395385119e-12
127462.181	7.5498833250726e-12	1.70486578742519e-12
184558.597	3.05889060715034e-12	7.97378265665359e-13
184982.903	3.12051992720613e-12	7.22672224480618e-13
195742.329	1.83938517105031e-12	4.81461692201143e-13
196337.388	2.59280152886466e-12	6.545182962714099e-13
217538.38	3.08506709645053e-12	8.0688255776508e-13
230355.613	2.7137334998557398e-12	5.1854926862994e-13
241715.882	2.7411250798755197e-12	5.647791315466219e-13
275895.354	2.867051122144e-12	7.48646501081553e-13
276545.022	1.90072506994069e-12	4.42812805365821e-13
281822.892	1.0411872263074199e-12	2.23312428754483e-13
286625.715	2.27596312422154e-12	4.61407209453655e-13
309864.256	1.14127375253102e-12	2.68954432689833e-13
379527.332	9.5672235417587e-13	1.86676637208146e-13
396012.837	1.6578980723455998e-12	3.18891782706934e-13
409760.776	1.35135884987738e-12	2.82956636460284e-13
561935.315	7.07534097047964e-13	1.28104977902007e-13
647837.901	5.9899767018013e-13	1.13259850169601e-13
721106.419	5.478984075834869e-13	9.61132932599302e-14
893679.36	4.48968383179776e-13	8.57762741085307e-14
1085288.268	3.18230486661129e-13	8.171967896381791e-14
1331940.191	3.59644332874139e-13	7.34856630929233e-14
1868051.935	1.23287905662204e-13	6.076750057397666e-14