time_sec	flux	flux_err
0.0410000276565552	2.70708553931064e-08	4.5917565011676606e-09
0.201000053882599	2.64919024944064e-08	4.6832237910386105e-09
0.281000037193298	2.99944274829285e-08	4.897616226232851e-09
0.381000021298726	2.27500918638619e-08	4.33872455180604e-09
0.501000026067098	2.15141120868272e-08	4.23728515857902e-09
0.601000030040741	2.59839474746342e-08	5.0621807883876e-09
0.68100001335144	3.3390782046624e-08	5.525148787185871e-09
0.741000075340271	4.62578179142068e-08	8.47769533058053e-09
0.781000037193298	4.51697949162693e-08	8.8994069250118e-09
0.841000039577484	2.32564608641452e-08	5.96730237610727e-09
0.921000022888184	3.97364876590687e-08	6.3576496589133705e-09
1.00100006580353	4.21978992578484e-08	6.53074321940903e-09
1.08100004911423	2.695257265416e-08	6.540887399606321e-09
1.14100005149841	4.49825637496571e-08	8.731791616223091e-09
1.2010000538826	3.29407234445918e-08	6.0419231004397705e-09
1.2810000371933	3.14584579105262e-08	6.0350140038992e-09
1.361000020504	3.32182557730471e-08	5.551899646847161e-09
1.4410000038147	2.67411271786852e-08	5.183015902574931e-09
1.52100004673004	2.69329423480421e-08	4.759072115291111e-09
1.60100003004074	2.90565716653016e-08	4.667133245237081e-09
1.66100003242493	2.96106274695079e-08	5.79664034885037e-09
1.72100003480911	1.64898212634571e-08	3.87024995507517e-09
1.7810000371933	3.14369919522889e-08	5.54555731415822e-09
1.88100003123283	1.664624983636e-08	2.57364223472992e-09
2.00100006580353	1.87740462851522e-08	3.24512134881349e-09
2.08100004911423	1.57316054998738e-08	2.9532497796589503e-09
2.16100003242493	1.74058755902538e-08	3.1785218825731504e-09
2.24100007534027	1.34528081638929e-08	2.80165339729216e-09
2.32099999904633	1.77282621661849e-08	2.7831970038798604e-09
2.40100004196167	1.4044989564607e-08	2.93085564837254e-09
2.48100002527237	1.59885862420621e-08	2.8596337219011803e-09
2.56100000858307	1.38538050087339e-08	2.7672277555378504e-09
2.64100005149841	1.16126577631862e-08	2.69527241257339e-09
2.72100003480911	1.42462653111845e-08	2.7837451571434504e-09
2.80100001811981	1.53125007235122e-08	3.06687435225388e-09
2.88100006103516	1.8513143874746e-08	3.02870564356162e-09
2.96100004434586	1.42572036443755e-08	2.9562078638873e-09
3.04100002765656	1.51025824525067e-08	2.9143861981140203e-09
3.14100005149841	1.6414579114813e-08	2.49361678797115e-09
3.22100009441376	2.24035434409466e-08	4.06125178142843e-09
3.26100005626678	2.38877015361355e-08	4.622100311283971e-09
3.34100001970927	1.67262795043272e-08	2.3486138003251603e-09
3.42100002288818	2.43094144179483e-08	4.6467531634856406e-09
3.46099998474121	2.12139590111081e-08	3.99738853526058e-09
3.50100006580353	2.57114971588374e-08	4.19163245331561e-09
3.56100000858307	1.08601279097394e-08	3.2375887440351e-09
3.6210000705719	2.77179415320331e-08	4.76789177526943e-09
3.68100001335144	2.09243310600757e-08	3.3147306619228903e-09
3.74100007534027	3.0126699735959e-08	4.90180640191613e-09
3.7810000371933	3.25764700234598e-08	5.323117811289771e-09
3.82099999904633	3.63486986701602e-08	5.23064934229137e-09
3.86100008010864	2.68266377688126e-08	5.06549820096751e-09
3.90100004196167	3.0688823998924e-08	5.270665198517761e-09
3.98100004514058	2.58229513675265e-08	3.22874585002249e-09
4.06100000858307	4.16000447577467e-08	8.1680242475415e-09
4.10100008964539	4.72257901896722e-08	1.12459755454504e-08
4.9410000038147	4.05133542968383e-08	7.83816545504277e-09
4.98100008487701	4.56423539074915e-08	7.61010138093915e-09
5.02100004673004	4.93889437812416e-08	7.54307352073866e-09
5.06100000858307	4.43269722685983e-08	6.835821733891931e-09
5.10100008964539	3.603068644079e-08	6.45968705433545e-09
5.14100005149841	4.52408806385673e-08	6.6584862928648206e-09
5.2010000538826	2.54235630525756e-08	3.97640662385694e-09
5.26100005626678	3.59197038612765e-08	5.18611582634824e-09
5.30100001811981	3.3969876081198e-08	4.867179694717721e-09
5.34099997997284	2.76193014004868e-08	5.52428167709865e-09
5.38100006103516	3.13492486747381e-08	5.642092166676761e-09
5.42100002288818	4.78637640852868e-08	7.16591467881483e-09
5.46099998474121	4.17378425153898e-08	6.945501380581691e-09
5.50100006580353	4.49902109050056e-08	8.19356720572486e-09
5.56100000858307	4.00474497752381e-08	7.191084922571721e-09
5.90100004196167	5.11227692876617e-08	9.521626531092622e-09
5.9410000038147	3.58223903959495e-08	7.93197412740014e-09
5.98100008487701	3.68210435739679e-08	7.04020469008687e-09
6.0610000483195	2.25539066128026e-08	2.8272108583965703e-09
6.14100005149841	2.26794743424831e-08	4.02543490294037e-09
6.18100001335144	1.8550299259162e-08	3.07083538092312e-09
6.22100009441376	1.89688651910237e-08	3.0351881295180704e-09
6.26100005626678	1.52344403044129e-08	2.77510373641329e-09
6.30100001811981	1.2354109062823e-08	2.4041157148975402e-09
6.34099997997284	1.08404557391805e-08	2.12281504966866e-09
6.38100006103516	1.11141977640191e-08	2.08215991706616e-09
6.86100008010864	1.64882074279819e-08	2.7098355708717604e-09
6.90100004196167	1.20564438784183e-08	3.64605050722761e-09
6.9410000038147	2.84504522383958e-08	4.901243678761121e-09
6.98100008487701	2.47579954646224e-08	6.816421755339121e-09
7.54100002765655	3.8179025769869e-08	7.100514704363441e-09
7.58099998950958	3.25661916110028e-08	5.393850721169591e-09
7.6210000705719	3.83623244777783e-08	6.92517909081233e-09
8.18100001335144	4.20603340720913e-08	6.9585111784998e-09
8.22100009441376	4.44395746077058e-08	7.1393175997216e-09
8.26100005626678	3.88707796734383e-08	7.101082323488e-09
8.30100001811981	4.19453302371465e-08	6.784665051511911e-09
8.34099997997284	4.82053197249688e-08	7.768384533271761e-09
9.7810000371933	2.95854297387853e-08	5.6877167325758e-09
9.82099999904633	3.90161269597669e-08	5.129597555422051e-09
9.86100008010864	3.15006165824383e-08	4.9482477224026e-09
9.90100004196167	1.90866938480661e-08	4.2640369983036606e-09
9.9410000038147	2.09612042014435e-08	4.07042074321362e-09
9.98100008487701	2.84530434324465e-08	3.9413567291703406e-09
10.02100004673	2.78649787790151e-08	4.1732604522575304e-09
10.0610000085831	2.95902516914491e-08	5.82456506650113e-09
10.1010000896454	2.87483311646707e-08	8.03300620240495e-09
10.6210000705719	4.33177606447673e-08	8.102320957908231e-09
10.6610000324249	4.73423676047707e-08	7.52348668666229e-09
10.700999994278	3.74354947417409e-08	5.946794651027591e-09
10.7410000753403	3.0254835731049e-08	5.7497615455640705e-09
10.7810000371933	3.39966021142552e-08	5.5196711955528e-09
10.8209999990463	2.05847386580559e-08	4.53714703595286e-09
10.8610000801086	3.07400252342605e-08	4.46706939821877e-09
10.9010000419617	2.05992600086202e-08	4.3738045980675205e-09
10.9410000038147	3.189643769306e-08	6.13463859526537e-09
10.981000084877	4.02813083775361e-08	7.252782174010631e-09
11.02100004673	4.07912742322939e-08	8.38794319751753e-09
11.2610000562668	4.38911411288876e-08	9.57670537858909e-09
11.700999994278	4.451621221102e-08	1.08028604599897e-08
11.8610000801086	4.86342271115273e-08	8.9984799484943e-09
11.9010000419617	5.06917426870822e-08	8.532144970570371e-09
11.9410000038147	2.91443405384978e-08	6.508014117873621e-09
11.981000084877	4.02854440005369e-08	7.445584286664291e-09
12.3810000610352	1.29505369727264e-08	1.90680302819951e-09
12.4810000252724	1.0647225385414e-08	1.6434792563291302e-09
12.5410000276566	3.53394661050335e-08	6.11008329378227e-09
12.7210000348091	4.66135580367927e-08	7.17981258422575e-09
12.7810000371933	4.09285456751075e-08	7.89274539878144e-09
12.8209999990463	3.15817855034792e-08	6.28158449151395e-09
12.8610000801086	2.8071333742404e-08	5.3125930776538e-09
12.9010000419617	2.53517384019758e-08	6.29708460499668e-09
12.9410000038147	4.69772866000987e-08	8.083621017681081e-09
13.4210000228882	4.07783569204455e-08	1.01822112431966e-08
13.5410000276566	3.51192914130284e-08	4.793625326497121e-09
14.3409999799728	4.40940052567354e-08	8.11876269009813e-09
14.3810000610352	3.09879324588622e-08	6.109694402725481e-09
14.4210000228882	3.35728873391502e-08	5.40767024335355e-09
14.4609999847412	2.21386067336244e-08	3.9824374989997205e-09
14.52100004673	1.20053829122279e-08	2.0735769415737403e-09
14.5809999895096	1.17712801313635e-08	2.16690398372626e-09
14.6210000705719	1.21666061277535e-08	2.1468797928576204e-09
14.6610000324249	1.00762947963425e-08	2.1375002293883803e-09
14.700999994278	1.23768413605591e-08	2.2552538920722804e-09
14.7410000753403	1.18212436854102e-08	2.20288593947708e-09
14.8210000387828	1.0616410028787e-08	1.4379005760516701e-09
14.9010000419617	1.70548722181659e-08	2.8720756160790404e-09
14.9410000038147	1.56475281485471e-08	3.0823396470102303e-09
14.981000084877	2.06052511680851e-08	3.2152030342826704e-09
15.0610000483195	1.33776019473049e-08	1.8541234380370403e-09
15.1410000514984	2.07634032349909e-08	3.7754973800443e-09
15.1810000133514	1.63517814362003e-08	3.98642640540872e-09
15.2210000944138	2.00164876594032e-08	3.9885466033227e-09
15.2610000562668	1.68347710734799e-08	4.08236535382499e-09
15.3010000181198	2.65415804043325e-08	4.332323686446891e-09
15.3409999799728	2.12809221817133e-08	5.006760330050951e-09
15.3810000610352	2.6495072423691e-08	5.24292480797752e-09
15.4410000038147	2.35503725356653e-08	4.16034807061924e-09
15.5010000658035	3.7791245773695e-08	6.775946552324981e-09
15.5410000276566	2.57235087853327e-08	6.68895307461655e-09
15.5809999895096	3.93073492865167e-08	7.084681421238921e-09
16.5410000276566	2.73489430983792e-08	8.4331076059626e-09
16.5809999895096	4.4353740018463e-08	8.617498798118441e-09
16.6210000705719	4.33326187978357e-08	8.64302194852691e-09
16.7010000340144	3.29979178669045e-08	4.32889889096724e-09
16.7810000371933	4.3447043784241e-08	7.2791308655030105e-09
16.8410000395775	2.85610896369513e-08	4.649637743501211e-09
16.9010000419617	3.2268948835556e-08	5.935689569990531e-09
16.9410000038147	3.10167988099485e-08	6.0419681991767305e-09
17.0010000658035	2.17705483982709e-08	3.87235404356248e-09
17.101000049909	2.8417514186894e-08	3.6514368493864204e-09
17.1810000133514	4.31132341464727e-08	8.29650087002391e-09
17.7610000562668	2.51507924154637e-08	4.022708415240241e-09
17.8410000395775	1.09683441534024e-08	1.86976803374181e-09
17.9010000419617	1.21192297783157e-08	2.0151853444864803e-09
17.9410000038147	1.18627505546155e-08	2.2572350399772304e-09
17.981000084877	1.29043099485275e-08	2.4708466880143e-09
18.0410000276566	1.46751428332088e-08	2.1555725456843103e-09
18.1410000514984	1.61510009276878e-08	2.10685330443776e-09
18.2210000944138	2.14056497683953e-08	4.0685770730206e-09
18.2610000562668	3.15378115984099e-08	5.212581855207371e-09
18.3209999990463	1.5241303099474e-08	2.5598358066926803e-09
18.3810000610352	1.62467235283791e-08	2.9304398579869603e-09
18.4210000228882	1.10780816921841e-08	2.2511835884861802e-09
18.8010000181198	1.09805171478785e-08	2.5387849901439504e-09
19.4410000038147	3.81574512345896e-08	6.316237444515751e-09
19.52100004673	3.26289644342012e-08	5.874481151774061e-09
19.6010000300407	3.35171941978916e-08	5.58961781138288e-09
19.6810000133514	2.67536167830435e-08	5.05891158242835e-09
19.7610000562668	2.9439175648363e-08	4.81781159546895e-09
19.8209999990463	3.50623739440441e-08	6.866438241298721e-09
19.8810000610352	3.35724119639099e-08	4.83411747075236e-09
19.9810000451406	2.23899574037714e-08	3.6677689404963703e-09
20.0610000085831	4.53690607688636e-08	7.682932276564911e-09
20.4810000252724	4.05103049888462e-08	7.2610450429582205e-09
20.6010000300407	3.52181869082804e-08	5.7834576496527e-09
22.3810000610352	3.17744689795082e-08	6.5309868573196905e-09
22.4210000228882	3.36711456509596e-08	6.602581762994171e-09
22.4609999847412	3.37819759636589e-08	6.7031877937568e-09
22.5010000658035	3.7830642085837e-08	7.5646085658585e-09
22.5410000276566	4.26453806463977e-08	7.740149370831411e-09
22.5809999895096	5.2668821620428e-08	9.1068183534652e-09
22.6210000705719	4.11885626492902e-08	9.80431690226229e-09
23.1810000133514	4.48615648116194e-08	7.744016981956e-09
23.2210000944138	3.66653800422471e-08	6.31156277905514e-09
23.2610000562668	3.29095735734963e-08	5.295878802153911e-09
23.3010000181198	1.9367749317867e-08	4.03713960079907e-09
23.3409999799728	1.48849238662595e-08	2.79263280461117e-09
23.3810000610352	1.60034191074367e-08	3.02434418183526e-09
23.4210000228882	2.14625666982712e-08	3.5486664393563205e-09
23.4609999847412	2.0488471930566e-08	3.79469828492493e-09
23.52100004673	1.6476856352401e-08	3.3193819159586603e-09
23.5809999895096	3.15022270030209e-08	5.67796389468558e-09
23.6210000705719	2.96244913326094e-08	6.240836492431991e-09
23.6610000324249	3.7107821256348e-08	7.289704352049171e-09
23.700999994278	4.70044581914525e-08	8.2255831165903e-09
24.2610000562668	4.75426281338864e-08	9.23733093971411e-09
24.3010000181198	3.66681649857802e-08	7.2345201990913e-09
24.3409999799728	4.26597561855291e-08	6.7179143369535305e-09
24.4010000419617	2.94638262520052e-08	4.896498468985791e-09
24.4609999847412	4.63441756383463e-08	7.75189469010839e-09
24.5010000658035	4.43313357372724e-08	8.11898118349021e-09
24.5410000276566	5.05555450225556e-08	8.77162000057067e-09
24.6010000300407	4.41443182312626e-08	7.18662725340027e-09
24.6610000324249	6.14921864193486e-08	8.34901677568279e-09
24.7210000348091	2.79452413019654e-08	4.52940639447569e-09
24.8010000181198	1.51032531045769e-08	2.96855349225839e-09
24.8810000610352	1.65451434329296e-08	2.4261828973627303e-09
24.9410000038147	4.17547080589051e-08	7.898854520419741e-09
25.4010000419617	3.07511670153544e-08	5.129956626949191e-09
25.4810000252724	3.7633564559233e-08	5.64442086463034e-09
27.3209999990463	4.55470497788166e-08	6.965095096143631e-09
27.3810000610352	5.0828872475206e-08	9.476315254951131e-09
27.4610000244776	3.24872762773398e-08	4.32423927319868e-09
27.5410000276566	3.33049700967096e-08	6.1559846090488305e-09
27.5809999895096	2.39155713951016e-08	5.82074227622112e-09
27.6210000705719	3.18774020532281e-08	5.688176698711781e-09
27.6610000324249	3.15403808861489e-08	5.6974069019977705e-09
27.700999994278	3.24092305670918e-08	6.2810002511619805e-09
27.7810000371933	2.33026157615474e-08	3.3925640589285104e-09
27.8610000801086	3.66306866624108e-08	6.9414519546647304e-09
27.9210000228882	2.55443270970449e-08	4.44299606165874e-09
28.0010000658035	4.50246856688867e-08	7.88324164444504e-09
28.5010000658035	4.51001068684998e-08	1.50411799496575e-08
28.6010000300407	4.30558072949305e-08	7.9718521216808e-09
28.6810000133514	3.51376034433073e-08	6.614404421815331e-09
28.7610000562668	3.06989135491513e-08	5.055177683797691e-09
28.8410000395775	2.77812736515009e-08	4.33432494743276e-09
28.9010000419617	3.62433992775387e-08	6.5954599800731106e-09
29.7210000348091	1.65235797139219e-08	3.4505599929064603e-09
29.8010000181198	3.36380885529996e-08	5.96748751375282e-09
30.52100004673	3.87710055074565e-08	7.87094731224342e-09
30.6410000514984	3.83947361644266e-08	7.355115247784061e-09
30.700999994278	5.1892277220419e-08	1.03243857348552e-08
30.7610000562668	3.49433787640924e-08	6.3026748474639106e-09
30.8410000395775	3.18001772392516e-08	4.93190702820647e-09
30.9210000228882	1.82111385127746e-08	3.951284456674121e-09
30.981000084877	2.28213347606567e-08	4.50755358538291e-09
31.0410000276566	1.46321807123123e-08	2.88296697902441e-09
31.1010000896454	2.49474164580969e-08	4.80234383290161e-09
31.1610000324249	1.60561974489217e-08	3.7212411370496502e-09
31.2410000753403	2.88528968634773e-08	5.1911501832922105e-09
31.3410000197093	3.02858277632934e-08	5.846460219148061e-09
31.8410000395775	2.36011430395981e-08	3.9115260836424406e-09
31.981000084877	1.54406099428079e-08	2.82808949122153e-09
32.0410000276566	1.18438479683537e-08	3.02580670605921e-09
32.1410000514984	3.85353651176827e-08	6.0026927215673205e-09
32.361000020504	4.58203083244317e-08	7.00468526305192e-09
32.4410000038147	1.75422232159266e-08	5.079506114403211e-09
32.5010000658035	2.96075006918192e-08	5.190798217782171e-09
32.581000029246	1.61557704246439e-08	2.69261081733639e-09
32.6610000324249	2.95302677898904e-08	5.14710055403203e-09
32.700999994278	1.839006787637e-08	5.169767982243091e-09
32.7410000753403	3.1687175729044e-08	5.442685795294821e-09
32.8010000181198	2.35126838417239e-08	3.906519156324211e-09
32.8810000610352	1.80706345215686e-08	3.85571521485353e-09
32.9410000038147	3.40658794347245e-08	6.10069799555084e-09
33.0010000658035	2.20981997929718e-08	4.349959382252571e-09
33.0810000491142	3.44623072491945e-08	6.24485510140073e-09
33.7810000371933	4.01371144445809e-08	5.89422293647031e-09
33.8610000801086	5.7084854618157e-08	1.05226640088149e-08
33.9210000228882	4.73557485057873e-08	7.05491979087031e-09
33.981000084877	5.33671771666158e-08	9.242869470715141e-09
34.02100004673	4.13667428412069e-08	8.163206500700211e-09
34.0810000491142	2.8607557066015e-08	5.40523947346431e-09
34.1610000324249	2.2616602838968e-08	4.510451942749431e-09
34.2410000753403	2.42496575556238e-08	4.15314235179778e-09
34.3209999990463	1.9600436532268e-08	5.495767985304281e-09
35.4410000038147	4.23477979783761e-08	7.0108702238371705e-09
35.5010000658035	3.9442025723061e-08	7.368246142938241e-09
35.5610000085831	2.45875488414777e-08	4.04644236776558e-09
35.6410000514984	1.41432550495895e-08	2.8018181757430104e-09
35.8810000610352	2.06696268673476e-08	3.82565504835027e-09
35.9610000443459	3.56953132527699e-08	5.511099954552891e-09
36.9210000228882	3.14565231587479e-08	5.5683271589669305e-09
36.981000084877	1.89840010542344e-08	3.67561634992434e-09
37.1210000705719	1.6561936832192e-08	2.8744289414534703e-09
37.8210000387828	3.53478249114357e-08	5.88763383634289e-09
37.9010000419617	4.558546082149e-08	8.920598057458351e-09
37.9410000038147	5.00418432400306e-08	8.634690951589761e-09
38.02100004673	3.65746915275316e-08	7.307204114885861e-09
38.0810000491142	2.78091432353031e-08	4.8159253923628905e-09
38.1410000514984	3.61657015359468e-08	6.8409070127152806e-09
38.9810000451406	3.454558085728e-08	5.14359417815637e-09
39.0610000085831	5.17634372971744e-08	1.02457865108096e-08
39.1210000705719	4.82047911558825e-08	8.25809037780134e-09
39.1810000133514	6.90302610624042e-08	1.37183105606754e-08
39.9210000228882	3.46076117190956e-08	6.6378101382673805e-09
40.3410000197093	4.3290843900322e-08	6.228139286241291e-09
40.4210000228882	5.30056816404988e-08	8.98766843914966e-09
40.5010000260671	2.68395870193871e-08	4.46557282705917e-09
40.6210000308355	2.15762306966528e-08	4.08641960454221e-09
40.7210000348091	4.27149181270132e-08	6.9963236652152e-09
40.8010000181198	3.56232139070732e-08	9.501773389225761e-09
40.8810000610352	6.94740961328548e-08	1.14975815683849e-08
40.9610000443459	7.5683972050068e-08	1.17428748617373e-08
41.0610000483195	4.73760194509082e-08	9.08232767802802e-09
41.1410000514984	8.11499799018941e-08	1.55335238935031e-08
41.2010000538826	4.19646133925992e-08	1.10420268630868e-08
41.2810000371933	5.07739756423261e-08	8.329266516129451e-09
41.3409999799728	5.35914727443412e-08	1.00102659454866e-08
41.4010000419617	3.01906004665529e-08	5.636178346722621e-09
41.4810000252724	1.42666680573742e-08	4.178816730381431e-09
41.581000029246	1.34644596709065e-08	2.5645504821285502e-09
41.6610000324249	2.05247495987013e-08	3.5832156510617205e-09
41.7210000348091	1.76810009863369e-08	3.94125338287786e-09
41.7810000371933	4.97930265723948e-08	9.849888111453571e-09
42.3410000197093	3.93727921973911e-08	6.515248839573141e-09
42.4210000228882	3.76762047456945e-08	6.727737012737611e-09
42.4810000252724	1.95244578517617e-08	4.519269445561611e-09
42.581000029246	1.82881707972555e-08	3.1515494059104104e-09
42.6610000324249	2.39985825615358e-08	4.79567690689403e-09
42.7210000348091	9.459474677056241e-09	3.0503245348936303e-09
42.8210000387828	1.46705555031775e-08	2.00706891528961e-09
42.9010000419617	2.55463516476903e-08	4.662719397903e-09
42.9810000451406	2.65327095581083e-08	4.063629715780581e-09
43.9210000228882	4.78126073373319e-08	7.56414039705037e-09
43.981000084877	5.76194071041872e-08	8.75612300500904e-09
44.0410000276566	2.54737044860144e-08	5.08535609293842e-09
44.1210000705719	2.1182056590495e-08	3.8857366549503604e-09
44.1810000133514	2.81550900653233e-08	4.553619304723521e-09
44.2410000753403	3.79559680791649e-08	7.85220626466167e-09
44.6410000514984	3.51079018992671e-08	8.736032595837981e-09
44.7210000348091	4.01755956043278e-08	6.542122921951871e-09
44.7810000371933	4.19396406546743e-08	7.41720690130596e-09
44.8209999990463	2.62056923632136e-08	6.2444311889007e-09
44.8610000801086	2.70744858925016e-08	5.32924358399429e-09
44.9410000435511	1.5013142157284e-08	2.2995677519821703e-09
45.02100004673	1.86020059718066e-08	3.5028682896181304e-09
45.0810000491142	1.40506631705208e-08	2.17120909804776e-09
45.5010000658035	1.40093869508697e-08	2.77399887597522e-09
45.5610000085831	1.19915415639431e-08	2.1729259065934904e-09
45.6810000431538	1.41661346621693e-08	2.0964973847933e-09
45.8010000181198	2.77025475094015e-08	4.35690922334714e-09
45.8810000610352	2.87060935477828e-08	4.97287592295676e-09
45.9610000443459	2.89152758922515e-08	5.17646868026543e-09
46.0410000276566	2.81360814451478e-08	5.53368770421692e-09
46.1210000705719	3.2622453184059e-08	5.752263045418191e-09
46.2010000538826	3.67352481830254e-08	6.525714719004081e-09
46.2810000371933	4.50339587342147e-08	8.865258398808891e-09
46.9210000228882	2.53630317730953e-08	4.790076814684711e-09
47.0010000658035	2.10795240731085e-08	3.9382865767597906e-09
47.0810000491142	2.05260146885366e-08	3.763336829757091e-09
47.1610000324249	1.06486593512915e-08	2.9851699369668404e-09
47.2410000753403	1.63227287863851e-08	2.63302817432713e-09
47.3010000181198	1.96830231644395e-08	3.5685233336767903e-09
47.3409999799728	3.32328279266144e-08	5.48737281389891e-09
47.4010000419617	3.69098476207302e-08	6.210967860316781e-09
47.8010000181198	3.07494978586446e-08	5.12418277762562e-09
47.8610000801086	3.66085090513423e-08	7.1483520634074805e-09
47.9210000228882	1.76862093442137e-08	4.16660905171359e-09
47.981000084877	3.42704702796206e-08	6.7010607109888804e-09
48.02100004673	2.9178792731888e-08	6.7148282720533704e-09
48.0610000085831	4.21842038533222e-08	6.834349946528051e-09
48.1210000705719	2.55591043254342e-08	4.03653027707527e-09
48.1810000133514	2.47985917871708e-08	4.937901914315391e-09
48.2410000753403	1.16542785356995e-08	2.6622552373779104e-09
48.3209999990463	1.1126720804179e-08	2.09947859945648e-09
48.4210000228882	1.64596739990656e-08	3.0286366426384803e-09
48.9410000435511	1.90606816313214e-08	3.5341481853134104e-09
49.4010000419617	1.77883392642569e-08	3.48925175520879e-09
49.9010000419617	5.27817485738615e-08	8.756961866419461e-09
49.9810000451406	3.01364814229826e-08	3.6862619175552205e-09
50.0610000085831	3.80224252276712e-08	7.185857592737571e-09
50.6010000300407	2.77480703220396e-08	4.9469067384351205e-09
50.6610000324249	2.85923619203379e-08	5.6872987642900406e-09
50.700999994278	3.77967641703953e-08	6.030964359925891e-09
50.7610000562668	2.26701522276421e-08	4.996638819138281e-09
50.8209999990463	4.3590837108164e-08	8.26311419764517e-09
50.8610000801086	5.26541342889196e-08	9.563784253591681e-09
50.9010000419617	4.54028609624551e-08	1.17912257583503e-08
51.1810000133514	2.85240358966862e-08	8.89674080295972e-09
51.2210000944138	3.51279441976384e-08	6.5709331550493304e-09
51.2610000562668	2.67156208457384e-08	4.96100343654697e-09
51.3010000181198	2.335476467093e-08	4.0289716442546e-09
51.3409999799728	2.15843197029529e-08	4.307909802791231e-09
51.3810000610352	2.92782845023485e-08	4.868486857586411e-09
51.4210000228882	3.17894386200915e-08	5.729310886118731e-09
51.4609999847412	2.58880661159144e-08	6.47471030724751e-09
51.5010000658035	4.44800146732454e-08	7.769430606140861e-09
51.5410000276566	2.78944796006632e-08	8.3651088342679e-09
51.5809999895096	4.97723394693651e-08	9.633358427013711e-09
51.6410000514984	3.95488419912997e-08	6.50872096467953e-09
51.7210000348091	3.41168396818912e-08	5.72653959981727e-09
51.8210000387828	2.95149711524692e-08	4.1017897384804504e-09
51.9010000419617	3.84374187575747e-08	7.45104494211028e-09
51.9610000443459	3.7563884693819e-08	6.3751353391879406e-09
52.0410000276566	4.40434001024615e-08	7.96719709841216e-09
53.4010000419617	2.33823654201538e-08	3.89167351937818e-09
53.4810000252724	1.34513327656323e-08	2.9010332398579704e-09
53.5610000085831	3.47616722213849e-08	6.5097820439824605e-09
53.9010000419617	2.10565897443765e-08	3.0115633844786404e-09
53.981000084877	1.83856721324921e-08	3.51933892843871e-09
54.0410000276566	1.40666408810488e-08	2.7073805488924e-09
54.1210000705719	1.48364310208966e-08	3.0313387652276502e-09
54.2010000538826	1.82724791591122e-08	3.17924476012355e-09
55.361000020504	2.81301333590507e-08	6.9120979995149305e-09
55.4410000038147	3.40112221593986e-08	5.985912880663331e-09
55.5410000276566	1.95304964880263e-08	3.829517008027531e-09
55.6610000324249	1.71979388802339e-08	2.8785804488987703e-09
55.7610000562668	1.60461011480783e-08	2.8668143568787902e-09
55.8410000395775	2.4537282961384e-08	3.98589921042731e-09
55.9210000228882	3.81195712870727e-08	6.179333155743881e-09
56.7210000348091	2.82275672370411e-08	5.34030137604951e-09
56.8010000181198	1.91591870609236e-08	3.20171489052337e-09
56.8810000610352	2.33992747165426e-08	4.218674398883721e-09
56.9610000443459	3.08635923818999e-08	6.0257075108193e-09
57.0410000276566	4.3657587969936e-08	7.75544157867927e-09
57.1210000705719	6.46378826074474e-08	1.1207267568811e-08
57.2010000538826	8.78936712768961e-08	1.46411545619571e-08
57.3010000181198	5.50208677223231e-08	1.06716481360693e-08
57.4210000228882	5.12118359459334e-08	8.218072505640061e-09
57.52100004673	4.14348001897865e-08	8.25514176419805e-09
57.6210000308355	2.67309575825517e-08	5.097179420859081e-09
57.7410000356038	2.19115292191299e-08	3.62858350483166e-09
57.8810000312328	1.12986947240593e-08	1.8576524935172402e-09
58.4810000252724	1.39465779383942e-08	2.20292670994385e-09
58.6010000300407	1.70638019360153e-08	2.8994813153756204e-09
58.7210000348091	4.00297912548443e-08	7.482017724205751e-09
58.8210000387828	3.10951339440705e-08	5.29958076629649e-09
58.9410000435511	1.79743080482817e-08	3.1663386119137703e-09
59.0410000276566	1.42811354645197e-08	2.4700740872239e-09
59.1210000705719	1.0056796240443e-08	1.7472178053971802e-09
59.4010000121594	1.37289465296752e-08	2.52901804260966e-09
59.5610000383854	2.05684783250483e-08	4.326186546323841e-09
60.441000033617	1.87986374519739e-08	3.7865896421651e-09
60.5610000085831	3.11613767515744e-08	6.1987878045683e-09
60.6810000431538	2.75252244464093e-08	5.9334842657296605e-09
60.8010000181198	6.63546697031706e-08	1.03616662496139e-08
60.8810000610352	5.65059957229573e-08	1.1813099972664e-08
60.9610000443459	6.61259030028837e-08	1.22811993666155e-08
61.0810000491142	4.26509209707738e-08	8.14583564706474e-09
61.2010000538826	5.95353758770109e-08	1.09359727515368e-08
61.3010000181198	4.75797945806338e-08	8.97439469602267e-09
61.4210000228882	2.65240713999594e-08	6.758690667924891e-09
61.5610000383854	2.43477330083181e-08	3.88913793811048e-09
61.6610000324249	3.3162333044299e-08	6.294280558621e-09
61.7210000348091	1.15394418370736e-08	3.53212641880962e-09
61.8210000387828	1.17332366810783e-08	2.25160958694775e-09
61.9010000419617	2.11348521913086e-08	4.117269505830361e-09
61.9810000451406	1.9499085786146e-08	3.77081668486454e-09
62.6410000316302	1.27554737786838e-08	3.2585849088968e-09
62.8210000387828	2.16556568272214e-08	4.134028291629451e-09
63.5610000383854	1.86613892861593e-08	3.3928945998585704e-09
63.7610000363986	2.17482922466258e-08	4.86931494527132e-09
66.3810000133514	4.07014110370397e-08	9.11333465749826e-09
66.5610000383854	4.59363102892087e-08	8.44395085548485e-09
66.7210000348091	2.5265311486487e-08	7.26543028584249e-09
66.8810000312328	3.77254295836915e-08	6.79229658473436e-09
67.0410000574589	2.93825298138466e-08	5.7790503906920306e-09
67.2010000538826	2.71885332121881e-08	5.118505971790931e-09
67.581000029246	1.31563391507541e-08	1.9588156096073603e-09
67.9210000228882	3.96342947194685e-08	7.740792016960661e-09
69.0610000403722	2.17846087776126e-08	3.2341643844354103e-09
69.9610000443459	1.71427723001523e-08	3.3305990497396604e-09
70.1210000407696	1.39461917050295e-08	4.5758511866916e-09
70.2810000371933	3.19509271737603e-08	6.030591165453041e-09
70.4210000228882	5.0348662911039e-08	9.774489597742251e-09
76.2810000371933	4.13349207155564e-08	9.268221486114711e-09
76.6010000300407	4.15995444413377e-08	7.1762258779876205e-09
77.3210000373636	1.34022877968366e-08	1.98588595376765e-09
78.4410000378745	3.02174157138214e-08	4.72753871489994e-09
83.2410000356038	2.58313869196819e-08	4.7643416685230805e-09
84.4410000395775	1.24766492663436e-08	3.0962592707353703e-09
85.6410000395775	1.19608670576232e-08	2.04731416409535e-09
86.8410000356038	1.20764103413767e-08	2.6033868090466e-09
87.9210000377893	2.80990662935483e-08	5.1323770050745e-09
89.3610000378887	3.54356285156266e-08	7.82634621218499e-09
74.3229883783015	1.58873015955647e-08	1.9449993692800953e-09
74.9874459232797	2.30139761616209e-08	2.97183264591329e-09
75.6105905494589	1.79143471271525e-08	3.4308597629927304e-09
76.458307678199	2.36287538177757e-08	3.68171583935332e-09
77.3833297610668	1.74772220045757e-08	3.137688113685945e-09
78.376802258031	1.70280961239543e-08	3.3540825063092552e-09
79.2683145782118	1.66469997813316e-08	3.3023021144977302e-09
80.3046347509976	1.20345158645695e-08	1.874408358726525e-09
81.4672349694118	1.73650132101953e-08	2.298163855582815e-09
82.7211255467894	1.56050226711113e-08	1.665467531029435e-09
88.013	1.63227095466903e-08	2.298460706223265e-09
88.7649	1.40820760466975e-08	1.9843159526351704e-09
89.5576	1.53169106124712e-08	2.10566678479978e-09
90.1436	2.01683929696645e-08	2.6885870746230253e-09
90.7459	1.92124118347699e-08	2.579902985843235e-09
91.3706	1.59821551222945e-08	2.149147262112245e-09
92.0497	1.14397150930061e-08	1.64149245837553e-09
92.8392	1.24875372135e-08	1.7925717118705952e-09
93.7304	1.11855002610794e-08	1.5873170035369502e-09
94.5327	1.28897278339158e-08	1.817556368248205e-09
95.2996	1.25399561168865e-08	1.810134622001535e-09
96.1666	1.14169717483023e-08	1.6607784593834902e-09
97.0596	1.06353603001799e-08	1.4475794462788851e-09
97.9423	1.07541642564048e-08	1.3944241342870002e-09
98.8061	1.45121882035815e-08	1.9286864723928103e-09
99.752	1.03809580127685e-08	1.40746926026446e-09
100.783	1.02425346825517e-08	1.33761930486744e-09
101.8769	1.39506978873563e-08	1.9376701250416502e-09
102.7	1.0741345960599e-08	1.52306088909245e-09
103.73	1.05968922970166e-08	1.5988709242920953e-09
104.742	1.13334993039016e-08	1.643926223557635e-09
105.8103	1.26980217843538e-08	1.8309050709493e-09
106.7231	1.36626321034603e-08	2.04419742136366e-09
107.5473	1.38830615133559e-08	2.144015837508565e-09
108.4132	1.34097328211421e-08	1.9560738799204254e-09
109.4227	1.31754159695729e-08	1.8682346075850552e-09
110.3702	1.20096061457262e-08	1.7232860637213152e-09
111.332	1.06799062468177e-08	1.5000888841195951e-09
112.357	1.00268942065294e-08	1.399517008985115e-09
113.466	9.15734654340284e-09	1.293196768992905e-09
114.536	9.72299145095856e-09	1.3633096610692303e-09
115.607	1.07082799206728e-08	1.4971397759512401e-09
116.891	8.22841357261133e-09	1.20005299076514e-09
117.9354	1.2543783653809e-08	1.93693068566258e-09
118.869	9.773458656498871e-09	1.5415342678616103e-09
119.937	1.24082682765363e-08	1.8890355032172604e-09
120.973	1.01834838340754e-08	1.634093129588915e-09
122.129	1.12574070438975e-08	1.7778906337173452e-09
123.313	8.0796182232328e-09	1.3500467304979251e-09
124.639	9.00083015294578e-09	1.5117330951114402e-09
125.757	1.02277382387602e-08	1.719036841872695e-09
126.895	7.492747397689761e-09	1.26723882780193e-09
128.403	7.49432512691901e-09	1.2957837247390752e-09
129.735	9.3368592332339e-09	1.7008318256134801e-09
130.931	1.14786361511025e-08	1.9869985395036804e-09
132.435	7.76633403559275e-09	1.476554928948285e-09
133.741	9.598413861273841e-09	1.782909132811965e-09
135.167	8.43851096843374e-09	1.5427164936986452e-09
136.639	8.69039589863478e-09	1.6492113782792851e-09
138.066	6.736555746851831e-09	1.302884288726348e-09
139.747	7.930193894862541e-09	1.4916719404062752e-09
141.184	6.278807398430981e-09	1.197193861407249e-09
142.708	7.46838898496434e-09	1.4044784058565186e-09
143.875	7.89086377203326e-09	1.4780077008568752e-09
145.188	8.31746295644802e-09	1.553890471956585e-09
146.395	7.062999355981851e-09	1.3856736479520652e-09
147.996	5.58665728126988e-09	1.0705414293037276e-09
149.76	6.383324245231241e-09	1.1843721242970375e-09
151.322	4.97566991615492e-09	8.154266247547721e-10
152.2082	6.11817033226742e-09	7.83658711253981e-10
152.7602	5.0688059020851e-09	6.591727683098864e-10
153.3301	5.944766400805811e-09	7.678142368986815e-10
153.9572	4.97056659371465e-09	6.472938789203205e-10
154.5614	4.72450152569474e-09	6.09740523787878e-10
155.2182	6.103823749753141e-09	7.87895769215696e-10
155.7435	5.550156373518351e-09	7.124994344357291e-10
156.3781	6.480951962321311e-09	8.458703374875486e-10
156.9062	5.487914101164741e-09	7.1135720188906e-10
157.5515	4.21909613454994e-09	5.791436940638945e-10
158.2101	5.3458060854789905e-09	7.069361893051775e-10
158.8064	5.3346411536033e-09	6.889047857645671e-10
159.4012	5.1310272924970105e-09	6.700868856875225e-10
160.0295	4.58927573192262e-09	5.99659773425953e-10
160.7982	3.84518194303556e-09	5.016252408964965e-10
161.5953	4.29599695262703e-09	5.536323074111385e-10
162.3366	3.8004036620205404e-09	5.124312838218596e-10
162.9691	6.02973625550124e-09	7.741243141530215e-10
163.6143	4.07385001124478e-09	5.389635121988965e-10
164.3039	5.11302101400868e-09	6.51619387896238e-10
164.9709	4.80180743252547e-09	6.127215604470885e-10
165.6249	4.41288993921498e-09	5.785421273399091e-10
166.222	6.33098683125757e-09	8.123108033891806e-10
166.8134	4.57041281184886e-09	5.97742627066655e-10
167.5023	5.721496079630291e-09	7.33835607807735e-10
168.041	5.31679672224367e-09	6.935671853046075e-10
168.7705	4.150721544313361e-09	5.554740551669255e-10
169.437	3.5969784965833e-09	5.65885201521144e-10
170.1072	4.43807456959599e-09	5.716669962361295e-10
170.7834	3.53904471969084e-09	5.444164533352755e-10
171.4056	4.755230007027711e-09	6.10865686701948e-10
172.0399	5.04850869596997e-09	6.640788704251005e-10
172.6541	5.1744084621038105e-09	6.670325756464375e-10
173.3566	3.79677813268524e-09	4.88671839798088e-10
174.1038	4.04904968546615e-09	5.2673709545099e-10
174.7692	5.82129881136978e-09	7.402698253420085e-10
175.4218	4.17288201006517e-09	5.37896862079047e-10
176.1619	4.5851358709746505e-09	5.867981909526439e-10
176.7807	5.5086655409817e-09	7.127870518656621e-10
177.5398	4.46593339862717e-09	5.777906027937655e-10
178.1945	3.8548538062015105e-09	5.845539499600415e-10
178.8982	4.21239761758562e-09	5.380774674279484e-10
179.6163	4.271305577282631e-09	5.437896246390245e-10
180.3127	4.49996022496378e-09	5.76710127103029e-10
181.0454	3.46288013077889e-09	4.49205654621166e-10
181.8566	3.09129163189426e-09	4.73772415467446e-10
182.5364	4.22470033129283e-09	5.37577588392642e-10
183.2485	3.75266161005088e-09	5.7581918082416e-10
183.8612	4.13263698738127e-09	5.348071010794805e-10
184.7049	4.3299246869161705e-09	5.507158524231605e-10
185.4892	3.5972766681584905e-09	4.73343646313355e-10
186.3181	3.3833969150260803e-09	5.178143731744365e-10
186.9467	3.7187269444780304e-09	4.84315869638016e-10
187.72	3.5792972098687802e-09	4.566457696428385e-10
188.5691	2.9874027635207803e-09	4.655203449918795e-10
189.2995	3.69961514323195e-09	4.701409208182731e-10
190.0962	3.78221795325553e-09	4.817123808389066e-10
190.7654	3.39901638151303e-09	5.141723735395401e-10
191.4358	3.4431230086098204e-09	4.5681761525910854e-10
192.152	3.47021686606824e-09	5.13908133514229e-10
192.8708	2.95132079648012e-09	4.678385572142655e-10
193.4793	3.3587293314705904e-09	5.234689527618935e-10
194.1425	2.6762872598248402e-09	4.248173223996535e-10
194.873	3.10627770254696e-09	4.758830425810125e-10
195.6995	2.57763742069465e-09	3.935440597415755e-10
196.4369	3.89924961086287e-09	4.969165685616555e-10
197.2236	3.42826079682584e-09	5.217947486065019e-10
197.7808	3.7169244872553303e-09	5.67732162409675e-10
198.4308	2.9131593177556602e-09	4.46297859291803e-10
199.1634	3.07159599172736e-09	4.701154019439491e-10
199.8018	3.03465980041337e-09	4.64405525054816e-10
200.5334	4.264399175176531e-09	5.41370180215727e-10
201.2318	3.0203970120950704e-09	4.611617879317935e-10
201.9433	3.4363904650798302e-09	5.42500741781856e-10
202.5688	3.2598151469674104e-09	4.960556041499055e-10
203.2216	3.50268121648202e-09	5.344345907442121e-10
203.8886	3.1557059450334703e-09	4.824882933672216e-10
204.6417	2.57468063128353e-09	4.00319957663861e-10
205.3846	3.4154380837326e-09	5.159512581398705e-10
206.0123	3.6273433688577905e-09	5.646246866272925e-10
206.5883	3.1915058677685602e-09	5.05888105082086e-10
207.2707	3.6809773782577903e-09	4.77506169863794e-10
208.1148	3.14769384917214e-09	4.804957215318435e-10
208.769	2.9575545793138302e-09	4.5269467681695304e-10
209.5039	4.1169826005210104e-09	5.33731412848486e-10
210.3087	2.647689192667e-09	4.118894948966615e-10
211.056	4.027389622895011e-09	5.098526264023249e-10
211.768	2.7496776496855502e-09	4.1948904425056403e-10
212.4229	3.0613387795818602e-09	4.84448033078583e-10
213.121	2.8178254691897603e-09	4.3025546317052504e-10
213.8386	2.8921251885699e-09	4.4973346068345453e-10
214.6035	2.47513886694984e-09	3.844323655119e-10
215.4764	2.2970077963027e-09	3.56766569781954e-10
216.2128	3.1504697716030903e-09	4.757897483428326e-10
216.843	3.5216460975198203e-09	5.31723230285317e-10
217.5665	2.5450446682815704e-09	3.88726758170353e-10
218.2875	3.0995808208264e-09	4.733757063479335e-10
218.9217	2.97508061329779e-09	4.53412978285725e-10
219.654	2.3879430074706602e-09	3.77699721342131e-10
220.4292	3.32467029434974e-09	5.071048626456544e-10
221.1069	2.8196262620681604e-09	4.378636884778885e-10
221.8139	2.9605198134117e-09	4.5125339450253e-10
222.5169	2.78678881179696e-09	4.3301363542803205e-10
223.3574	2.12970721730766e-09	3.2481743672603753e-10
224.2587	2.0982606818895802e-09	3.1953199806824903e-10
225.3456	2.13886836437271e-09	3.25581029071071e-10
226.1656	2.48276087622998e-09	3.8552228351010355e-10
227.0119	2.59495417858818e-09	4.0423656059388003e-10
227.6931	2.8327993496325604e-09	4.4050147284011203e-10
228.4235	2.32485537471962e-09	3.7481479026326e-10
229.3094	2.18997054202079e-09	3.34082976057868e-10
230.0962	2.49572990129303e-09	3.871271177303635e-10
230.9103	2.6486906271594303e-09	4.031756488179185e-10
231.7784	2.3148070888622303e-09	3.52562826781535e-10
232.6338	2.60760601908651e-09	3.97065377917824e-10
233.5064	2.2465025544807303e-09	3.4857048407991155e-10
234.412	2.24705099229569e-09	3.496451261149155e-10
235.1929	3.19210623191628e-09	4.868022365298095e-10
235.9513	2.8499507138605703e-09	4.328866991819305e-10
236.7758	1.99324784011307e-09	3.0818222604768654e-10
237.771	1.86640835289431e-09	2.8401497660365347e-10
238.7854	1.9998533783920503e-09	3.10496890468598e-10
239.7985	2.1037747600664803e-09	3.262397422500265e-10
240.7436	2.0500367651157503e-09	3.169261024735815e-10
241.6929	2.5152881628245604e-09	3.8229766666385e-10
242.593	2.12262094360335e-09	3.29106206322758e-10
243.5432	2.38552772366192e-09	3.6330188478495e-10
244.4181	2.6594879389656803e-09	4.19886331860241e-10
245.3914	2.3673091069716402e-09	3.601304441110255e-10
246.3011	2.2313395031537602e-09	3.457234138652105e-10
247.2913	2.33636862763552e-09	3.55617494350639e-10
248.1107	2.6413237962870403e-09	4.0963788559131847e-10
248.987	1.8127981714787302e-09	2.8550433777072653e-10
249.9155	2.27017606251571e-09	3.454690759560125e-10
250.8599	2.11878202513888e-09	3.2843587624135603e-10
251.881	1.7942098939498502e-09	2.733542409623135e-10
252.941	1.86708445652589e-09	2.8398661603310855e-10
253.9843	2.35701297004924e-09	3.581938431709355e-10
254.8985	2.0676832455497504e-09	3.150924622228825e-10
255.725	2.3460672724165502e-09	3.651284272437495e-10
256.6913	2.12037771611098e-09	3.29951164530875e-10
257.5479	2.2080641458234803e-09	3.362335132467885e-10
258.933	1.41412750933653e-09	2.187333136943385e-10
260.091	1.92826634406127e-09	2.937230100661605e-10
261.329	1.6635951259663302e-09	2.730046900174475e-10
262.2728	2.22666016181519e-09	3.381984277933975e-10
263.1125	1.9532556340972403e-09	2.95849828303413e-10
264.251	1.46088636535298e-09	2.2614321953850751e-10
265.3635	2.2370021794496803e-09	3.398801268518385e-10
266.433	1.42467685948594e-09	2.205274543290765e-10
267.606	1.73953408445732e-09	2.751362540829625e-10
268.778	1.6374813583621e-09	2.493850386932755e-10
269.964	2.07205001995667e-09	3.1575404342538146e-10
271.011	1.89858453459123e-09	2.89391792566061e-10
272.1105	2.0728762218681602e-09	3.15523413290098e-10
273.178	1.49297572409218e-09	2.315054741668075e-10
274.491	1.5989979846894501e-09	2.4355135268439255e-10
275.768	1.8922866920422802e-09	2.88249954580669e-10
276.967	1.54197153708195e-09	2.34746875273855e-10
278.351	1.5007925839710802e-09	2.3262267190605902e-10
279.546	1.7727540710671402e-09	2.710176490288865e-10
280.686	2.0617789705761504e-09	3.168898446693885e-10
281.749	1.53666565920865e-09	2.35106883082932e-10
282.9874	2.38149570501822e-09	3.6276475419006e-10
284.232	1.59614011669477e-09	2.43053691725603e-10
285.461	1.7559468869142301e-09	2.71751414898117e-10
286.762	1.7914309122021302e-09	2.72532358017987e-10
288.075	1.6778766063651601e-09	2.6070040752524653e-10
289.407	1.4735328463972602e-09	2.24801515954034e-10
290.703	1.5763451308283902e-09	2.45396944322791e-10
292.0009	2.27671521345737e-09	3.471722451683485e-10
292.9088	2.20977897909501e-09	3.3712610765273397e-10
293.943	1.7543253396602302e-09	2.6793500866615204e-10
295.032	1.87056747618397e-09	2.856024082625e-10
296.305	1.4882033759607202e-09	2.313959930891125e-10
297.636	1.94240134254904e-09	2.967522537200575e-10
298.714	1.60775588335737e-09	2.508696269882395e-10
300.033	2.0921464151416103e-09	3.252393304115295e-10
301.121	1.8454268108912701e-09	2.814052796563935e-10
302.618	1.18630199655523e-09	1.836595840479095e-10
304.226	1.5166323201187302e-09	2.306295316214665e-10
305.323	2.0223637724828203e-09	3.130512581429965e-10
306.666	1.3992859377331501e-09	2.1276096511459202e-10
308.08	1.4776430851161602e-09	2.245802839613075e-10
309.536	1.30686232161763e-09	1.9913447992196302e-10
311.299	1.1380054301679e-09	2.0578661555165103e-10
312.662	1.4666416321719902e-09	2.234485496387555e-10
314.22	1.4899245305924202e-09	2.3149755608634001e-10
315.686	1.4213246316946602e-09	2.250455524901805e-10
316.992	1.2825019100457e-09	2.14944438575931e-10
318.757	1.3610084456612602e-09	2.07825785739465e-10
320.486	1.13509454859274e-09	1.82853967875546e-10
322.111	1.4419500439912202e-09	2.239949620310985e-10
323.912	1.1623464094007601e-09	1.77666886482005e-10
325.826	1.34627875231894e-09	2.062698506056145e-10
327.335	1.40179229115491e-09	2.2520564253959498e-10
328.941	1.4878024262397201e-09	2.5343963356490847e-10
330.674	1.1106355565802801e-09	1.719343369299225e-10
332.38	1.1844368914565802e-09	1.7975531301898652e-10
334.06	1.4201864676513801e-09	2.206296288043095e-10
335.343	1.73706496955485e-09	2.6513745882371105e-10
336.667	1.52041759054126e-09	2.315993959392535e-10
338.49	1.3781656700820602e-09	2.183021269831555e-10
340.088	1.27097245483027e-09	1.9409020044357e-10
341.8	1.3406262551718301e-09	2.1245912565497902e-10
343.336	1.41458613373829e-09	2.16323091161108e-10
344.871	1.45421712598498e-09	2.26329270018117e-10
346.543	1.3446611562758902e-09	2.08924646414791e-10
348.088	1.55722240503646e-09	2.372469247556195e-10
350.157	9.062790852555301e-10	1.38166031053788e-10
352.42	1.57201876792374e-09	2.451727801526545e-10
353.899	1.4040950345552302e-09	2.152445043698235e-10
355.401	1.9039688742803703e-09	2.962873572055565e-10
357.099	1.4900137913601701e-09	2.404819360668585e-10
358.942	1.26160212129449e-09	1.92749203371788e-10
360.977	1.0973480056713e-09	1.677923187987205e-10
363.011	1.2798434651622e-09	1.95877274746743e-10
364.939	1.3557408627529702e-09	2.11498591028961e-10
366.818	1.3232335091120101e-09	2.030378952076515e-10
368.504	1.38425533059868e-09	2.126099109612895e-10
370.414	9.85587687321639e-10	1.51145541396339e-10
372.38	1.15570735990481e-09	1.7683497108801848e-10
374.11	1.1467159317773502e-09	1.81615631814161e-10
375.92	1.0098864263457e-09	1.72167380974232e-10
377.846	1.11740443309475e-09	1.73219308784076e-10
380.045	9.72243931052322e-10	1.5072969826804752e-10
382.22	1.1369705195365602e-09	1.7336593410457448e-10
384.051	1.26744182147075e-09	1.9694834303574202e-10
386.176	9.55889297769744e-10	1.5106949877902002e-10
388.136	1.05863019151357e-09	1.640677511800875e-10
390.383	9.99984098769656e-10	1.5510470494389e-10
392.594	1.00336461857677e-09	1.5313071006749698e-10
394.736	1.30185674601017e-09	1.9865772685436901e-10
396.43	1.45878120926706e-09	2.2616899528338352e-10
398.558	8.958391432291541e-10	1.411769638668265e-10
401.285	8.29479592989157e-10	1.2845652124650452e-10
403.543	9.65661081025911e-10	1.47059610351932e-10
405.434	1.12781645315812e-09	1.78177613214469e-10
407.815	9.63219283419805e-10	1.494102966996735e-10
410.068	9.073518886320601e-10	1.40851076597398e-10
412.287	1.2361394032287701e-09	1.88706457492739e-10
414.193	9.40606911095093e-10	1.43795078352902e-10
416.34	1.17610078767151e-09	1.83415222637549e-10
418.368	1.0487872846281402e-09	1.6092760855081652e-10
420.415	1.068296859427e-09	1.698090993807455e-10
422.773	8.352791993511091e-10	1.349925552007535e-10
425.025	1.0724971626527e-09	1.699378884294675e-10
427.181	9.99472328137748e-10	1.5531631654495249e-10
429.105	1.2632569070353e-09	1.926751751750695e-10
430.972	1.03409547851437e-09	1.6074702851475801e-10
433.223	8.51463071286466e-10	1.34945201052323e-10
435.339	1.04530016172449e-09	1.596910619878845e-10
437.19	1.32533077562213e-09	2.0974936134124298e-10
439.535	8.21873739467679e-10	1.27672756039567e-10
441.704	1.2413785844741602e-09	1.943947127189135e-10
443.928	8.583805766782901e-10	1.312588724861615e-10
446.591	1.0879134053859e-09	1.665529973672365e-10
449.293	1.0056839753622402e-09	1.5971743158544001e-10
451.877	8.769235591790901e-10	1.36642771684768e-10
454.802	8.02720845222454e-10	1.257047195471015e-10
457.465	8.89180671083622e-10	1.35392669700157e-10
460.071	8.19589963740962e-10	1.318351926991955e-10
462.401	1.0354430621383401e-09	1.638336065240465e-10
465.046	8.33599566350201e-10	1.2719420618937598e-10
467.768	8.84598966236245e-10	1.3708700020601302e-10
470.53	6.72589476232224e-10	1.10123768726062e-10
473.283	1.01875260677097e-09	1.5493403511016302e-10
475.232	1.1513022157644e-09	1.750873179279175e-10
478.064	9.05824325746291e-10	1.40273825566706e-10
480.339	1.0605707190612301e-09	1.64476562652808e-10
482.853	9.390890579607602e-10	1.43411480210078e-10
485.757	6.97082450112858e-10	1.104341402016325e-10
488.23	1.07753579565071e-09	1.674824742821505e-10
490.307	8.70022548284767e-10	1.3270837018005802e-10
492.635	1.0014536067954602e-09	1.5829128360058402e-10
495.123	7.4404010309157e-10	1.1355105905511699e-10
498.198	7.30153174998951e-10	1.1597132045023401e-10
500.861	8.018293070737371e-10	1.226492665463855e-10
503.742	9.88042817603451e-10	1.5346688361189748e-10
506.078	9.8891708341772e-10	1.511206080593655e-10
508.441	7.384765287646221e-10	1.15183603388756e-10
511.784	8.953040225652601e-10	1.39834902565181e-10
514.404	7.47254267968438e-10	1.188682199594795e-10
516.983	1.0103875328378e-09	1.606404979232715e-10
519.409	8.90029664443104e-10	1.36342049426719e-10
521.949	8.87348993318621e-10	1.380780554124085e-10
525.375	6.14190433920821e-10	9.372655947109694e-11
528.746	6.72906472924231e-10	1.04553140631178e-10
532.174	5.74700888616876e-10	8.757109840328285e-11
535.789	7.37012555532756e-10	1.20878491014341e-10
538.761	6.74101802803717e-10	1.046810523057275e-10
541.788	9.28219399024732e-10	1.442871245867955e-10
544.808	6.56880661029433e-10	1.04118729245056e-10
548.57	7.624683265791161e-10	1.210111975438685e-10
551.744	8.071001056278101e-10	1.253312574278605e-10
554.796	9.23158269572899e-10	1.45613768431441e-10
558.397	5.60676479120812e-10	8.52275575797325e-11
561.529	6.99941218423753e-10	1.06619155981405e-10
564.489	7.83217293059417e-10	1.239896532715885e-10
567.445	7.57210088037554e-10	1.244028192566495e-10
569.876	8.45735209813533e-10	1.339438482465845e-10
572.52	1.0089662572027502e-09	1.542934997618265e-10
574.82	9.62699939138254e-10	1.473261125969285e-10
577.576	8.05154173960379e-10	1.2548727690569251e-10
580.297	9.302675264157e-10	1.4246792987704948e-10
583.102	7.46668979583915e-10	1.1442406074595101e-10
585.718	9.31679552369546e-10	1.429105755912215e-10
588.515	8.408137199153731e-10	1.290881087149705e-10
591.112	8.65489994261961e-10	1.326240349134785e-10
594.048	6.43330957003423e-10	1.03944624795112e-10
597.2	9.28789348412732e-10	1.45041869819768e-10
599.642	9.45457227902058e-10	1.47607916846469e-10
601.967	1.16964580050652e-09	1.852754058034745e-10
604.683	7.2509125844635e-10	1.125285643656455e-10
608.837	6.15671068355947e-10	9.56335950090341e-11
611.902	7.60839282962053e-10	1.15997988363825e-10
615.459	7.82769386534908e-10	1.285891988982865e-10
618.49	8.24457023916312e-10	1.261808371948105e-10
621.68	7.59559450555845e-10	1.180296087204585e-10
624.414	6.71498773447988e-10	1.041490110656055e-10
628.111	7.04352817945063e-10	1.0945079345538951e-10
631.081	6.57742296612969e-10	1.04066274429429e-10
634.249	6.940002834429201e-10	1.139132255069905e-10
637.671	6.76948174229529e-10	1.0719068283400501e-10
641.208	6.0268017492269e-10	9.210366709859065e-11
644.37	6.38925749576911e-10	9.94247422141838e-11
648.374	5.43535959076515e-10	8.301026912412584e-11
651.96	6.39335771072584e-10	9.777632644407624e-11
656.094	7.23419676057887e-10	1.10985645134258e-10
659.394	7.78980883015847e-10	1.21776708303159e-10
662.867	6.944772797623631e-10	1.080064280028795e-10
666.39	8.99453138896287e-10	1.3974697787616052e-10
669.16	7.68760991626893e-10	1.217245788853215e-10
671.883	7.48785795750436e-10	1.18639290765716e-10
675.603	7.300522086142e-10	1.13636546503342e-10
678.82	6.73029056335066e-10	1.066770655932185e-10
682.538	8.42822814925539e-10	1.28787375966922e-10
686.03	6.08292351672402e-10	9.6250402117943e-11
689.743	7.01303457583431e-10	1.0684060851375051e-10
693.385	5.424134819920171e-10	8.730246960269744e-11
696.23	1.15398628118731e-09	1.79066958040876e-10
699.148	7.27309808615315e-10	1.10879230007833e-10
702.703	7.828566005200131e-10	1.21606602489753e-10
706.226	6.3589952980178e-10	1.00767727785043e-10
710.34	5.92393653488596e-10	9.053130619818694e-11
714.127	6.292589356778861e-10	9.59053476356633e-11
716.902	5.24125084744425e-10	1.392298844366225e-10
720.292	6.1166092449926e-10	9.517021729075134e-11
723.618	7.22271125696318e-10	1.16803835973389e-10
727.218	6.309848957551291e-10	9.670714633123588e-11
730.908	6.459958333840991e-10	9.883768314805913e-11
734.721	6.427264616148501e-10	9.81189306729863e-11
738.861	6.65248457583158e-10	1.03489882546988e-10
742.596	6.85073835556643e-10	1.0872060112249151e-10
745.973	8.436263299866601e-10	1.2902302500517502e-10
749.007	8.99167281546552e-10	1.398151969987685e-10
752.453	6.27447704168075e-10	9.601138708579754e-11
756.238	6.371060030148601e-10	1.02837446351812e-10
760.308	4.97658691175491e-10	7.726220230162173e-11
764.754	6.8263786229434e-10	1.099645750298215e-10
768.384	7.913297709348651e-10	1.209028667551365e-10
772.371	6.096556609409301e-10	9.706458925553694e-11
776.046	7.31111460597828e-10	1.1398572171986651e-10
780.201	5.284807056653421e-10	8.191889562413634e-11
784.307	5.97851965163285e-10	9.266436983174514e-11
788.207	7.28099166422692e-10	1.153413184413855e-10
791.824	6.67719390501317e-10	1.0783571214632e-10
795.475	5.69929058710201e-10	8.878375446980064e-11
799.384	4.7448861200812e-10	7.815498262813845e-11
803.125	5.53746540592454e-10	8.472052870615759e-11
807.312	4.60394416110971e-10	7.067673350933454e-11
811.416	5.71309150677278e-10	9.079777444292428e-11
815.011	6.84796620336171e-10	1.04731203542096e-10
818.626	5.49865028851474e-10	8.88711722314986e-11
822.538	5.48186175361455e-10	9.02453820984094e-11
826.438	4.59131858169617e-10	7.541853922971335e-11
830.74	4.62674814946093e-10	7.181635467443425e-11
834.909	4.54334552870802e-10	7.32449308570171e-11
838.832	5.72273222645399e-10	8.894973485680415e-11
842.69	5.658120721517231e-10	8.78132222753858e-11
846.09	6.826022998832431e-10	1.0616139325863151e-10
850.024	4.916216436081701e-10	7.815323205204829e-11
854.719	4.64723251543514e-10	7.388806151163044e-11
859.285	5.37121796456986e-10	9.182773873689829e-11
863.073	5.29733929371304e-10	8.424926104962804e-11
867.476	4.64702552561471e-10	7.53629252034007e-11
871.688	3.50704849785049e-10	6.90721548577989e-11
875.423	4.83444747260474e-10	7.41017536860132e-11
879.915	4.84088483832007e-10	7.520256667600754e-11
884.389	5.300518513453841e-10	8.24241859193639e-11
887.766	7.968930705102571e-10	1.218760615612945e-10
891.487	4.71533381787402e-10	7.186471905993469e-11
895.918	5.39383523069425e-10	8.677735699601299e-11
900.703	4.901320099988e-10	7.756573847927215e-11
905.412	4.86914448279999e-10	7.8453832008768e-11
909.578	5.69324252378086e-10	8.69307202952972e-11
913.86	4.78972358071658e-10	7.301701481950419e-11
918.107	4.16279062098577e-10	7.54405370070868e-11
922.352	4.98397412810393e-10	7.65735952792238e-11
925.977	5.73273103582364e-10	9.134545246419354e-11
929.929	6.00656370915922e-10	9.923067386579279e-11
934.474	4.66270249461746e-10	7.159454451207269e-11
938.663	4.43350381030981e-10	7.01759010759694e-11
943.16	4.74311277280582e-10	7.807288738919514e-11
948.041	4.79593188679519e-10	7.36012930179233e-11
952.374	5.97861496135365e-10	9.139950775087733e-11
956.442	5.642991698915721e-10	9.825554782940654e-11
960.762	5.13414219259802e-10	8.005847947739609e-11
965.46	4.80966014911118e-10	7.628733568659855e-11
969.832	5.05824277739494e-10	7.711998711061899e-11
974.11	5.860241889210831e-10	9.27839354266279e-11
977.541	6.67604336964563e-10	1.043519940142135e-10
980.711	7.36025896665802e-10	1.1494448521368951e-10
983.839	6.37062979427804e-10	9.909012748856848e-11
987.676	4.747760229245141e-10	7.522553936836454e-11
992.203	6.03453170662683e-10	9.543576354526484e-11
996.771	4.74869588626278e-10	7.52922687929213e-11
1001.256	6.08330186545552e-10	9.329404146297673e-11
1005.14	4.75727693988644e-10	7.567033156718324e-11
1010.034	7.194880120105351e-10	1.1436354015665451e-10
1013.76	4.67706376643996e-10	7.944874267251894e-11
1018.06	6.75670886278663e-10	1.0330543262254451e-10
1022.235	5.84456595986171e-10	9.436674008325689e-11
1026.39	5.32821032662416e-10	8.600932689560919e-11
1031.128	4.820795476380461e-10	7.637897714916439e-11
1035.244	6.01679511698149e-10	9.708248953659615e-11
1039.434	4.83820090971761e-10	7.668664647910274e-11
1043.739	3.68653776976843e-10	7.892999249503604e-11
1048.274	5.466088499876101e-10	8.51500095258184e-11
1052.944	6.06201214839464e-10	9.449539785874649e-11
1056.65	3.91423339782049e-10	7.31155380224269e-11
1061.883	4.75039620089948e-10	7.423012590203034e-11
1066.526	5.34907674431723e-10	9.015515843805374e-11
1071.159	4.25844208583694e-10	8.229877786816425e-11
1074.446	7.3861813300346e-10	1.1492793678225649e-10
1078.712	4.94359352688362e-10	8.968203635140585e-11
1082.972	5.49859122425143e-10	8.94023220446632e-11
1087.563	5.29443414085502e-10	8.419970887248074e-11
1092.078	4.65495700899372e-10	7.264564594162259e-11
1096.545	5.23124444486626e-10	7.999603659897899e-11
1101.219	4.57988209876761e-10	8.618439181529634e-11
1105.028	3.57621305145256e-10	7.008715660249874e-11
1109.66	6.512895414453881e-10	1.0150125348309401e-10
1113.465	7.21846490521662e-10	1.1035245577604101e-10
1117.941	5.127653864295861e-10	7.830972646022734e-11
1122.108	5.66857878576509e-10	8.983675897617524e-11
1126.237	4.92581482631639e-10	7.525191698911708e-11
1130.264	3.49805375263069e-10	6.864994227961904e-11
1134.418	3.46064900808656e-10	6.6216210759892e-11
1138.408	5.90333977251173e-10	9.087947070300154e-11
1142.622	4.77264835856389e-10	7.44266635223566e-11
1147.908	5.16656391866125e-10	8.068135415007884e-11
1152.607	5.53788763959713e-10	9.116938895630055e-11
1156.757	5.46477005116552e-10	8.500152884832875e-11
1161.523	5.03577440741307e-10	7.86475406823575e-11
1166.469	4.21666016172693e-10	7.497678453171459e-11
1170.642	3.5929122331307e-10	7.046361424560275e-11
1174.333	6.12305595817144e-10	9.502073443733954e-11
1179.192	5.04447445182328e-10	8.00084240191906e-11
1183.477	4.63840441754669e-10	7.232889789501875e-11
1188.739	4.29062408168482e-10	7.06457176511952e-11
1193.355	4.76902880630003e-10	7.44668803785224e-11
1197.867	4.8167950843657e-10	7.648297866638694e-11
1202.444	3.50815372847646e-10	6.727854932660489e-11
1206.916	4.94748467989705e-10	7.75325245441558e-11
1211.694	3.83926754308866e-10	6.222800815909524e-11
1216.377	3.48896136780407e-10	6.859368505190304e-11
1221.556	2.5464213582783e-10	5.1476869521849697e-11
1226.191	4.19032641506928e-10	7.790621202955585e-11
1229.903	3.50538971864515e-10	7.354867615635415e-11
1234.577	5.40376063387228e-10	8.414052525102709e-11
1239.289	4.5898371216154e-10	7.012747565068939e-11
1243.552	4.73118018472295e-10	7.391666638190269e-11
1248.573	4.66713601133759e-10	7.43751229863336e-11
1253.333	3.92915687908789e-10	6.479658121137905e-11
1258.297	3.42862769235186e-10	6.344996837962545e-11
1263.08	3.98571673733259e-10	7.07658694656006e-11
1267.349	4.71282318006281e-10	7.598124770720469e-11
1272.59	5.886819902359701e-10	9.179622932421545e-11
1277.111	4.58171890266423e-10	7.58592777111462e-11
1281.795	4.91173344213607e-10	7.934150080012134e-11
1287.072	4.82919922395202e-10	7.424912008481445e-11
1291.314	3.66719160613977e-10	7.032233549013529e-11
1295.682	4.1981041233818403e-10	6.72858971558532e-11
1300.652	4.77297599297964e-10	8.851079958147309e-11
1304.647	4.92702834219112e-10	9.139143203314895e-11
1309.315	4.70416618313289e-10	7.58877131396497e-11
1313.987	3.89571834022525e-10	7.255285608778335e-11
1317.767	3.47846016614598e-10	5.949252105178985e-11
1323.006	3.7361041884792003e-10	6.887658554174319e-11
1327.276	3.67855575434667e-10	7.003985942177024e-11
1331.527	5.218688228358501e-10	8.084745573243745e-11
1334.962	3.96776132813867e-10	7.502335062965345e-11
1339.6	3.78340100847354e-10	7.221169374621529e-11
1343.953	3.92076688194551e-10	7.271885410774775e-11
1348.75	4.42476585584986e-10	7.283233129146816e-11
1352.937	3.6372178652877603e-10	7.345077836313009e-11
1357.346	3.31359613231331e-10	6.880136951431409e-11
1361.504	3.28379446635035e-10	6.094899487789225e-11
1366.226	3.10534985665864e-10	5.93584122508421e-11
1371.159	3.46797790828645e-10	5.884599461696715e-11
1376.423	5.20933264617553e-10	7.93244814172963e-11
1381.047	3.43669614889766e-10	6.737177866185608e-11
1385.623	4.912199878117341e-10	7.774903172506109e-11
1390.472	3.00097650407812e-10	5.7272224188049396e-11
1395.636	4.78935818796614e-10	7.347591096296018e-11
1400.569	2.87930789749103e-10	5.501174087820784e-11
1405.907	3.27133864023923e-10	6.249132917224345e-11
1410.903	2.6819130644519e-10	5.589379568145504e-11
1415.825	3.36394469090115e-10	6.267679133867075e-11
4664.764	8.295719308750309e-11	1.8182836900160898e-11
4692.586	1.04823804819509e-10	2.3009560272341198e-11
4728.873	7.18668158546819e-11	1.58219981998013e-11
4771.131	6.41608556827624e-11	1.4503302695682699e-11
4810.509	9.20500860514561e-11	2.0678660453969498e-11
4833.324	9.971636822284249e-11	2.2470458457311497e-11
4875.24	5.4723637196848596e-11	1.20299889970464e-11
4925.751	6.847879714502039e-11	1.5098456890022498e-11
4989.748	7.509540454769859e-11	1.2169181070738099e-11
6639.078	7.653542230964959e-11	1.7191662422338398e-11
6669.83	5.6712253942613e-11	1.1919154673223699e-11
6707.775	6.57840833897086e-11	1.44382619979535e-11
6736.719	5.785623866767569e-11	1.2523939515307299e-11
6781.677	5.3991719347408e-11	1.1850080690620498e-11
6822.51	6.259477256928639e-11	1.3758159580238499e-11
6851.945	6.81097557302878e-11	1.5275912137090297e-11
6893.309	5.001493072706389e-11	1.12686983671e-11
6933.073	6.26899645302532e-11	1.3739306727530002e-11
6971.159	4.5023470197277e-11	1.01440825200267e-11
7015.599	5.96640335383511e-11	1.2790597002788299e-11
7053.152	6.82210797462429e-11	1.5300873580618598e-11
7111.827	8.268393251759949e-11	1.3498872560216799e-11
44937.823	1.10459854933807e-11	2.43389252543162e-12
45051.387	8.50206731307655e-12	1.90755661539175e-12
45141.282	1.2963285803552598e-11	2.9383305541308e-12
45246.831	8.65807434075381e-12	1.9535801371520497e-12
45351.893	1.1256312534870499e-11	2.54272388075474e-12
45476.496	8.86711298870803e-12	2.01446052151957e-12
45608.124	1.38032232180731e-11	3.15270058204793e-12
45749.048	7.765166673792079e-12	1.7621046497699099e-12
45881.057	7.752349046123109e-12	1.75319432055239e-12
45996.266	7.745539579191179e-12	1.7695675639493e-12
46153.703	1.0153437675361599e-11	2.3422344294649e-12
46358.23	7.626480072346589e-12	1.50717543500981e-12
50578.471	9.549178837693389e-12	2.16114038642141e-12
50757.694	6.9912742504429895e-12	1.54025961616094e-12
50956.119	6.24612817457518e-12	1.3853991495826499e-12
51141.244	8.167879931730099e-12	1.8429450872951e-12
51259.214	9.65062194044286e-12	2.1709434389951996e-12
51383.449	7.75157780989135e-12	1.7419973116344899e-12
51496.156	9.92008318672587e-12	2.23604933580359e-12
51627.646	6.692221363429299e-12	1.51762686934027e-12
51804.592	6.747271502412229e-12	1.45036514318527e-12
81286.533	4.95499540511137e-12	1.11749527536844e-12
81539.629	3.96523179034877e-12	9.85591172158007e-13
98688.671	2.7051326375132996e-12	6.19042446140753e-13
125460.268	1.47446364092815e-12	3.86397814584618e-13
126275.172	1.704161124062e-12	4.83858890493474e-13
132015.987	1.20572617471748e-12	3.18208243695066e-13
132764.749	1.52402190578931e-12	3.88076395097509e-13
136729.114	2.01354820403805e-12	5.26421918118945e-13
137192.058	1.254765853501e-12	3.32792556027485e-13
167064.045	7.255513283815939e-13	2.15252628881254e-13
171719.418	1.16141119374665e-12	2.50231740263583e-13
203738.575	7.40739780809081e-13	1.5243723625483e-13
253624.922	4.09632109809522e-13	9.29145461932294e-14
411098.258	1.48601410949906e-13	3.99290948175177e-14