time_sec	flux	flux_err
0.321000021398067	0.0003080987006056	6.14936344427635e-05
0.801000018119812	0.0004958411863303	9.18977676146055e-05
1.12100001096725	0.0005572865965096	9.24391955880597e-05
1.44100001871586	0.0004254106971761	8.85267922193147e-05
1.76100002646446	0.0006052335314522	9.56815905195137e-05
2.32100001692772	0.0003131647613765	6.30357685793502e-05
3.12100001692772	0.0003857515008686	6.39968272621319e-05
3.92100001692772	0.0003521346487963	6.58246379409257e-05
4.72100001692772	0.0003383497420434	6.55225610999193e-05
6.0010000197454	0.0002353584417639	4.45603481779127e-05
10.661000017918	0.0001286234961088	2.24348734577887e-05
83.0014760934628	1.64080539371249e-05	2.44602502015239e-06
84.4337843232454	1.93226160185823e-05	2.88044786416393e-06
85.8377046633127	2.73952292487324e-05	4.08384303638356e-06
86.8816499664461	3.81390051544772e-05	5.68543305380765e-06
88.0154842803905	3.65421538500007e-05	5.44739524061795e-06
89.3744317980943	3.95027198688565e-05	4.9378967822129e-06
98.6	2.34868320398832e-05	3.5013918645255e-06
99.793	2.00826563557017e-05	3.02057672680602e-06
101.143	2.09822275354752e-05	3.19214915473298e-06
102.437	2.27426369578544e-05	3.39042195520667e-06
103.5044	3.6698583462988e-05	5.47089788426473e-06
104.761	2.46893712040039e-05	3.68058497990423e-06
106.091	2.18239837083562e-05	3.25340418506735e-06
107.28	3.11823767924135e-05	4.84197316550284e-06
108.374	2.99253319612717e-05	4.4610734452208e-06
109.623	3.27968387467087e-05	5.09265729507598e-06
110.7046	4.92392067761636e-05	7.34024842340941e-06
111.971	2.69496470461518e-05	4.27212392075005e-06
113.65	2.5549267577929e-05	4.22369037022059e-06
115.588	1.89650938722353e-05	2.94486312834922e-06
117.642	1.90831757736401e-05	2.84477422791299e-06
119.182	3.0432999235337e-05	4.53671090649132e-06
120.701	2.48176449971779e-05	3.69961830094058e-06
122.417	2.28330096061313e-05	3.40376174088832e-06
124.014	2.95111311064029e-05	4.48949903108644e-06
126.131	2.32103240827196e-05	3.60403592905426e-06
128.117	2.08804526497012e-05	3.17651953009827e-06
130.143	1.90296423908959e-05	2.95486940190697e-06
131.803	1.89099624689359e-05	2.81893765161607e-06
133.973	1.80917599029088e-05	2.80923717080902e-06
136.621	1.21099277354845e-05	1.80524564548085e-06
139.109	1.66812587804017e-05	2.48669967746193e-06
141.252	1.78148956305824e-05	2.71015693182154e-06
144.191	1.9657487351508e-05	3.11612527113479e-06
147.151	1.81074655377576e-05	2.69930690833922e-06
150.677	1.33494153771414e-05	2.11616282226031e-06
153.601	1.27171575942112e-05	1.93464477998703e-06
156.847	1.03467749337501e-05	1.5424101242427e-06
160.607	7.85140006504414e-06	1.62388693555031e-06
164.108	1.03962051059052e-05	1.68278402251268e-06
168.29	1.09674998329427e-05	1.66847221588367e-06
172.237	7.17180555956909e-06	1.34996631690603e-06
176.026	9.5278512358015e-06	1.420330867095e-06
180.059	8.47202990100826e-06	1.31551251294857e-06
184.416	7.17645594534827e-06	1.30544011478006e-06
188.144	3.82129282969753e-06	7.41895401990479e-07
192.401	2.30130515434226e-06	4.33180489378727e-07
196.204	3.14050769389766e-06	5.73376629551184e-07
200.309	4.71916783919675e-06	9.16215560778149e-07
203.802	6.7560461423376e-06	1.23348162593339e-06
207.823	6.61198631269118e-06	1.24459055405591e-06
212.264	5.29633247206421e-06	1.02827103509686e-06
216.232	4.74945283860923e-06	8.67129139622873e-07
220.044	5.13441503271778e-06	9.66463859560054e-07
224.411	2.86187728342516e-06	6.11401056004465e-07
228.841	3.52193776574029e-06	6.43016272396522e-07
232.944	2.66449056863583e-06	5.01543896890948e-07
237.391	2.60733644765291e-06	5.06208703053456e-07
243.113	1.92351375308968e-06	3.73446071603595e-07
3826.069	1.04886131340946e-07	2.36801833432832e-08
3927.847	8.75770166498868e-08	1.98148973518095e-08
4028.385	2.8251881798488e-07	6.17759694332879e-08
4101.667	2.06579407853847e-07	4.6589411870311e-08
4188.832	3.85206842946036e-07	8.65033159534617e-08
4247.758	4.92132281632782e-07	1.10870515248447e-07
4316.724	4.61611158556365e-07	1.03329451343846e-07
4386.166	3.47343784211647e-07	7.80006858940705e-08
4467.992	3.42438732718061e-07	7.72295215731604e-08
4571.914	4.16700177836649e-07	9.13948623359486e-08
4687.414	5.29409428843803e-07	9.42142602044296e-08
5954.302	8.50750854406945e-07	1.92073910165975e-07
6074.407	8.25725490753599e-07	1.5469625863331e-07
9758.837	8.18359745470283e-07	1.88718293798189e-07
22242.5	1.70020410122683e-07	3.74994405155578e-08
22412.48	1.55380471318649e-07	2.95997435904947e-08
26661.165	7.84039802393159e-08	1.76787230865555e-08
26899.32	5.86240088193578e-08	1.08580671697088e-08
46448.313	3.88009651942415e-08	1.01356304799586e-08
51860.433	5.60160817512525e-08	1.41657136061437e-08
55470.171	4.65271114020815e-08	9.286291432951661e-09
61081.135	1.12363734702592e-07	2.53216038569678e-08
61277.259	8.49373975639702e-08	2.22061937738813e-08
61570.743	7.60395432547024e-08	1.42805359422444e-08
67507.6	3.25928398915688e-08	8.46189082466165e-09
67833.836	2.30647729381235e-08	6.02445256279578e-09
68211.257	2.6875269560554e-08	6.785491521924331e-09
84162.37	2.40121117232799e-08	6.0927804416186204e-09
84549.271	1.75909147109191e-08	3.99093197876266e-09
106222.053	3.0586681840984e-08	5.195722720332271e-09
211078.674	1.24034647537081e-08	2.5339037464291404e-09
308026.999	1.15588956599851e-08	2.00980766989271e-09
393391.557	1.15702824681304e-08	2.3627788249920603e-09
528799.229	7.43622262768405e-09	1.49590074575e-09
622744.928	4.3169809505510905e-09	1.1569103282114702e-09
754403.214	4.53253955257548e-09	7.394675866859051e-10
896943.44	3.8672675535967104e-09	9.58191424143404e-10
1138445.996	5.34043636513418e-09	1.2614749571456e-09
1333651.231	9.48944595894505e-09	1.8972015158225602e-09
1712226.144	5.31229211405641e-09	1.6808991286353601e-09
2570092.604	1.7828304239792902e-09	6.21356074244058e-10