time_sec	flux	flux_err
0.0809999597072601	4.51189578651432e-07	8.18987975541932e-08
0.200999934673309	6.13036290121464e-07	1.10679818687785e-07
0.280999917984009	5.27270315009226e-07	1.06173962294286e-07
0.340999979972839	7.47513489349906e-07	1.42075771102472e-07
0.440999944210053	2.63841950628431e-07	4.15024330103425e-08
0.600999940633774	9.25017538728367e-08	1.66114536949272e-08
2.60099995056788	8.74886683936655e-08	1.47168938486005e-08
4.48099995155084	3.8973153575526e-08	6.18484839950524e-09
18.5809999514159	8.1526226090175e-09	1.4894457499528602e-09
83.7963271444512	3.8858446634621404e-09	5.814863600503666e-10
84.5131311133213	2.7437756918331702e-09	4.09423860511351e-10
85.4966041269016	2.9067786097756702e-09	4.371678897856195e-10
86.5138949593341	3.1746283590899102e-09	4.681810095143945e-10
87.4510093462836	2.8082402695671504e-09	4.18631837342486e-10
88.3540060557446	2.7862597312428e-09	4.153540762332195e-10
89.1516214962672	3.23274906898644e-09	4.81911597507385e-10
89.9381827666712	3.28875590940507e-09	4.902598162268971e-10
90.6945110643867	3.02358193061379e-09	4.50729644099149e-10
91.527555965052	2.5499895541037403e-09	3.801305000469045e-10
92.7724735057471	2.8282109495355703e-09	3.3803652709848797e-10
100.8525	2.9270777571155804e-09	4.3634368169551e-10
102.084	2.3396928461756e-09	3.487813308607065e-10
103.114	2.4415579072691703e-09	3.7195274125810454e-10
104.1311	2.7105645306500803e-09	4.12933768837107e-10
105.111	2.2743207086784604e-09	3.4647539604853155e-10
106.264	2.26345794383021e-09	3.448205740832085e-10
107.424	2.4767705029732102e-09	3.6921570373239854e-10
108.3728	2.76243597942845e-09	4.2083606572561246e-10
109.396	2.54517692299774e-09	3.87738312697452e-10
110.3893	3.2840541055364304e-09	4.895586166477945e-10
111.364	2.4849450014671403e-09	3.785623948340465e-10
112.67	2.2224796478409104e-09	3.3857778295345253e-10
113.788	2.39257378060177e-09	3.64490345824982e-10
114.981	2.4993539281623e-09	3.7258226574791203e-10
116.166	2.3400967968201e-09	3.488415561344705e-10
117.315	2.07481921405235e-09	3.160828659115055e-10
118.574	2.47586712045217e-09	3.77179466168704e-10
119.887	1.7931851403050702e-09	2.673126728359215e-10
121.304	2.5831163728728e-09	3.850688359671985e-10
122.47	2.0979168219633802e-09	3.3398273506368805e-10
123.93	2.0553378601921504e-09	3.1311503854830297e-10
125.371	2.19483505514443e-09	3.3436641935667954e-10
126.845	1.53442674106079e-09	2.2873921810086752e-10
128.675	1.8311640004047202e-09	2.72974200331145e-10
130.201	1.9343118486754703e-09	2.8835064950075146e-10
131.714	2.1113585480451303e-09	3.1474323329795753e-10
133.337	1.8616948346073902e-09	2.8361504185327203e-10
134.82	2.04460772555856e-09	3.047926466915155e-10
136.115	2.09409289935609e-09	3.1216942310046946e-10
137.672	1.49824420070112e-09	2.28246119903165e-10
139.445	1.4648812813938e-09	2.2316354640689402e-10
141.417	1.3333175839557e-09	2.122605472982795e-10
143.42	1.1853359331150702e-09	1.766997170482605e-10
145.591	1.2772727477841e-09	1.988917118334705e-10
148.366	8.91282857871259e-10	1.3878696794989902e-10
151.347	9.74009202008556e-10	1.4838284894996e-10
154.167	9.49048937413332e-10	1.41476109235809e-10
156.936	9.8335014893872e-10	1.46589449814185e-10
159.233	1.04100621705811e-09	1.5518426207352598e-10
161.854	9.08811461420713e-10	1.3547780334702852e-10
164.266	1.07048609986775e-09	1.63080436597882e-10
166.996	9.02418931396973e-10	1.3747664495482552e-10
169.664	8.90632417999906e-10	1.327678910612285e-10
172.482	9.61497797048178e-10	1.5306788338120652e-10
175.808	7.76115226823012e-10	1.156965794842365e-10
179.3	5.15720679780623e-10	8.595353318139479e-11
183.304	4.87820553551527e-10	8.457451886510489e-11
187.285	4.5520398651971603e-10	8.586523215645754e-11
191.16	5.33234181723009e-10	1.005840875649475e-10
195.009	4.0499201967644005e-10	7.63937380234478e-11
199.913	2.88314159862247e-10	5.8134055592925194e-11
205.285	3.3829663713634103e-10	6.821222798480889e-11
209.828	4.62076762800618e-10	8.436336303474129e-11
214.064	3.3176422657326005e-10	6.2580738116151e-11
219.842	2.81215951178816e-10	5.483036900739989e-11
225.367	2.9834711289183103e-10	5.627727695573715e-11
231.993	2.53947583419017e-10	4.9513675994407995e-11
251.269	1.76686889508663e-10	3.772116717862e-11
268.269	1.68364172320924e-10	3.68980758866251e-11
288.035	1.17314971005378e-10	2.5747227353356598e-11
316.196	9.14167845107649e-11	2.0626882626813797e-11
363.435	4.8704221247587194e-11	1.0766421769862e-11
461.886	3.55490545325692e-11	5.8265613142042e-12
3947.083	5.78643215190798e-12	1.3077292128945299e-12
4267.846	3.0795479183374598e-12	8.12332676851552e-13
4502.025	6.61381040918791e-12	1.4907281850677398e-12
4730.663	5.95810717776697e-12	1.54931060982078e-12
4957.45	1.00799981425133e-11	1.7746258343047098e-12
11111.924	3.25693423403047e-12	6.86985145374556e-13
16544.837	3.2532520165311497e-12	8.57022183424181e-13
16890.085	3.51109792123722e-12	9.24948327985708e-13
17197.01	3.90534627774028e-12	8.538379775542349e-13
21381.734	2.68822910854128e-12	7.06062599900152e-13
22125.933	2.40272887559659e-12	5.80346475650995e-13
44544.418	1.81655067865555e-12	4.9141758326327e-13
55706.751	2.60642295612578e-12	6.81858381602032e-13
58094.099	1.16340257616478e-12	2.10875268504316e-13
99707.17	1.02460086787684e-12	2.24390196874639e-13
110380.468	9.62621311771791e-13	1.9845185754543299e-13
218896.302	5.01731876954372e-13	8.96920257032723e-14
312699.433	3.09584292651389e-13	8.23476767087295e-14
520002.179	1.55017513325943e-13	2.89140866704226e-14
857529.508	9.00713155785889e-14	3.221087582761825e-14