time_sec	flux	flux_err
0.0809999597072601	4.24470607112258e-08	8.27281409821028e-09
0.240999926328659	4.37564927402635e-08	8.27529335541141e-09
2.62099995136261	1.15434945778284e-08	1.537141850534e-09
2.66099991321564	2.45099958268145e-08	3.1551601141030602e-09
2.70099999427795	3.78992353838297e-08	6.4768732432358505e-09
2.74099995613098	8.79297054082384e-08	1.25663848025817e-08
2.78099991798401	1.91616327260724e-07	2.44479798032605e-08
2.82099999904633	3.06013647515151e-07	4.53905979427391e-08
2.86099996089935	1.01821286042338e-07	1.2287988713405e-08
2.90099992275238	2.28775276062119e-08	2.92503890978768e-09
2.9410000038147	2.12416781939344e-08	2.43761748769216e-09
2.98099996566772	2.02794847721797e-08	2.12580941916719e-09
3.02099992752075	1.83310334134858e-08	2.12628101274656e-09
3.06100000858307	1.32348331048804e-08	2.07126154142082e-09
3.1009999704361	1.40115052297433e-08	2.0824956692612902e-09
3.14099993228912	1.63377205640514e-08	2.37916512502406e-09
3.18099989414215	1.70565640863733e-08	2.4451398740635803e-09
3.22099997520447	1.40856504116833e-08	2.68571635587538e-09
3.2609999370575	2.27846134891947e-08	3.02653156190275e-09
3.30099989891052	2.25285496363656e-08	3.25790324502043e-09
3.34099997997284	1.45154244173801e-08	3.96408496694439e-09
3.38099994182587	4.9973538918426e-08	6.074536671350221e-09
3.42099990367889	8.38488615225591e-08	1.21623030738354e-08
3.46099998474121	1.47268849613204e-07	2.34151389322157e-08
3.50099994659424	1.52699802754196e-07	1.58258778563477e-08
3.54099990844727	2.32119145876618e-08	2.80781261256034e-09
3.58099998950958	8.70351989733654e-08	1.00945504141134e-08
3.62099995136261	4.21524730890269e-07	5.07047840354944e-08
3.66099991321564	2.20099551937674e-07	2.69195615753642e-08
3.70099999427795	8.64437486774373e-08	1.29021778518915e-08
3.74099995613098	5.39751166365126e-08	6.315231640676841e-09
3.78099991798401	3.2023784661218e-08	4.6002792464638404e-09
3.82099999904633	2.78488718143319e-08	3.82406829274665e-09
3.86099996089935	2.51489183740594e-08	3.0615560354932e-09
3.90099992275238	1.63530070517454e-08	2.3419411382039804e-09
3.9410000038147	3.16005126755168e-08	4.59794102309786e-09
3.98099996566772	6.01510708040724e-08	9.687326723607241e-09
4.02099992752075	1.68127992435383e-07	2.19050313542922e-08
4.06100000858307	8.53373085646536e-08	1.11092539049312e-08
4.1009999704361	2.92951001257044e-08	4.55857058228508e-09
4.14099993228912	1.38329228467395e-08	2.07578117394069e-09
4.18099989414215	2.24797712534486e-08	3.4013661940977704e-09
4.22099997520447	4.51668476707771e-08	6.3365662255499504e-09
4.26099993705749	6.2446923757111e-08	1.16282459042608e-08
4.30099989891052	1.25638893481809e-07	1.94806934589037e-08
4.34099997997284	1.20461423986918e-07	1.92667220573217e-08
4.38099994182587	9.95949569425378e-08	1.66367614259907e-08
4.42099990367889	1.00287538788833e-07	1.60045336970294e-08
4.46099998474121	9.8725922953631e-08	1.80255421094558e-08
4.50099994659424	1.08358079115911e-07	2.00746070451154e-08
4.54099990844727	9.22272455896357e-08	2.2646551985533e-08
4.58099998950958	1.72287696743152e-07	3.11082630716066e-08
4.62099995136261	3.09105242649331e-07	4.58553238352895e-08
4.66099991321564	3.16608926664838e-07	4.38305577492343e-08
4.72099997520447	7.40696171753682e-08	1.31058187392166e-08
4.78099991798401	4.03415712835288e-08	7.719293562529741e-09
4.82099999904633	2.8610671701112e-08	5.8227829105151205e-09
4.86099996089935	3.66591258332408e-08	6.8375683394970804e-09
4.90099992275238	3.86987479014561e-08	6.866059752668121e-09
4.9410000038147	4.39642394154863e-08	6.857220467704811e-09
4.98099996566772	3.31914321506792e-08	6.880427057008511e-09
5.02099992752075	3.69464525818327e-08	6.8402639640277905e-09
5.08099998950958	2.60246700427621e-08	4.320447584783651e-09
5.16099991321564	1.42479938531311e-08	2.9270999829851603e-09
5.22099997520447	1.52612800155414e-08	2.9888809918239703e-09
5.26099993705749	1.25677062737418e-08	2.5094879543091e-09
5.30099989891052	1.11823666120711e-08	1.99518362521992e-09
5.34099997997284	8.05551248877424e-09	1.61690822345896e-09
5.38099994182587	7.27764850668835e-09	1.43718458418119e-09
5.44099994421005	4.27139041311306e-09	7.31363247489351e-10
5.50099994659424	4.11845634705348e-09	7.522231520532721e-10
5.56099994897842	2.52457054174891e-09	4.3120129769397004e-10
5.62099995136261	3.72701156320667e-09	7.340904468915801e-10
5.66099991321564	3.6079903671624304e-09	8.47863494427007e-10
5.70099999427795	5.990054485578151e-09	9.623855536897302e-10
5.74099995613098	3.3098319026453e-09	1.0309221042981401e-09
5.78099991798401	6.647026066493941e-09	1.2581411861409e-09
5.82099999904633	5.030242370239231e-09	1.44074548099141e-09
5.86099996089935	9.51052064126907e-09	1.6535589510832601e-09
5.92099996328354	9.10004508175582e-09	1.34593608131753e-09
5.98099996566772	1.37005927501688e-08	2.2870128005494804e-09
6.02099992752075	6.1626995633101406e-09	2.4631783663219904e-09
6.06100000858307	1.57915276716639e-08	2.7766805363043703e-09
6.1009999704361	1.48730589023614e-08	3.1459736120446802e-09
6.14099993228912	2.33407258503454e-08	4.0445809334011805e-09
6.18099989414215	3.99150573504313e-08	4.67857599125768e-09
6.22099997520447	3.14830920635524e-08	3.5762199713307102e-09
6.26099993705749	1.40599946822764e-08	1.8439955039448502e-09
6.30099989891052	6.47285915528152e-09	1.04561540248723e-09
6.34099997997284	3.894175363678821e-09	5.30936354603875e-10
6.38099994182587	1.6289807951255902e-09	2.79314639694022e-10
6.42099990367889	2.2633098240077403e-09	2.8685637679894e-10
6.46099998474121	3.92244505239658e-09	5.64296376421943e-10
6.50099994659424	8.88976548611756e-09	1.13476574701065e-09
6.54099990844727	2.23093602674123e-08	2.20638841770165e-09
6.58099998950958	3.87169726829189e-08	4.28106503237457e-09
6.62099995136261	2.60660709965582e-08	3.4532287067451203e-09
6.66099991321564	1.90907797888169e-08	2.7396315779430103e-09
6.70099999427795	1.31962735544668e-08	1.9529691820422202e-09
6.74099995613098	1.12707512197483e-08	1.5368940731203302e-09
6.78099991798401	8.702385001323e-09	1.4979104748302102e-09
6.82099999904633	1.01158499452849e-08	1.67877112635882e-09
6.86099996089935	8.179485369598971e-09	1.5506922033060902e-09
6.90099992275238	9.1524967716344e-09	1.81030439552662e-09
6.9410000038147	1.10582821648279e-08	1.9070072945675802e-09
6.98099996566772	1.1397449190602e-08	1.9794382300814902e-09
7.02099992752075	1.73055780876496e-08	2.5669447327402802e-09
7.06100000858307	1.9226773213003e-08	3.5675507364314102e-09
7.1009999704361	2.59789064312539e-08	4.5208422657649406e-09
7.14099993228912	3.5390620021856e-08	5.9725079544225e-09
7.18099989414215	3.96319961289614e-08	6.157558869659881e-09
7.22099997520447	3.12415458903904e-08	4.55827390961293e-09
7.26099993705749	1.98039011734192e-08	3.63941626422218e-09
7.30099989891052	1.17616864150932e-08	2.5922132716599203e-09
7.34099997997284	1.08671565819042e-08	2.0832379453936703e-09
7.38099994182587	7.2106052255379e-09	1.5922304030252302e-09
7.42099990367889	7.9427741161683e-09	1.2670070403457801e-09
7.46099998474121	5.12614773548589e-09	9.699072329795551e-10
7.50099994659424	7.013546876918151e-09	1.12919073901511e-09
7.54099990844727	8.80222357098327e-09	1.35019041535791e-09
7.58099998950958	8.53571240961706e-09	1.5564195231266102e-09
7.62099995136261	1.31929211336469e-08	1.9839948152845703e-09
7.66099991321564	1.94776362350073e-08	2.4954033526378803e-09
7.70099999427795	1.85042773223573e-08	2.8269978743476304e-09
7.74099995613098	2.53695113978106e-08	3.4200005189261703e-09
7.78099991798401	2.96952387587378e-08	4.5633354142155805e-09
7.82099999904633	4.25095787143573e-08	7.975877277215411e-09
7.86099996089935	8.37222284392154e-08	1.5085538929793e-08
7.90099992275238	1.44450692990219e-07	2.46383052942616e-08
7.9410000038147	1.51547163611035e-07	2.62673665324941e-08
8.00099994659424	8.9794637514219e-08	1.76518557253202e-08
21.720999951328	1.25027432733e-08	4.2612896102600304e-09
49.188169661925	8.846454702369531e-09	1.2912307964735201e-09
49.7823116408757	8.91232370933958e-09	1.3286191584517601e-09
50.412387222011	6.12539477981933e-09	9.131375812209151e-10
51.1369733674655	6.072013473523081e-09	9.05176439083788e-10
51.8148346194638	7.358762106231851e-09	1.09699406185275e-09
52.4247043238587	7.196556686512031e-09	1.072811215183935e-09
53.2626874613934	4.735045000560331e-09	7.058649548496585e-10
54.1260267614285	5.22880397165696e-09	7.79469445058419e-10
54.835242450296	3.81718211991487e-09	5.690353170062509e-10
55.8608073917497	2.98603974456829e-09	3.95513140630144e-10
64.4663	3.94571700687229e-09	6.191601752134815e-10
65.443	2.70360628968542e-09	4.2424868365323405e-10
66.543	2.83515243238201e-09	4.2264115871396503e-10
67.862	2.61731130362266e-09	3.9016723962213306e-10
69.011	3.2008210567216805e-09	4.894934277276214e-10
70.299	2.53233628620642e-09	3.774999075721985e-10
71.56	2.47719686312784e-09	3.692801450087815e-10
73.184	1.68536191983e-09	2.7143789871496447e-10
74.95	2.04454501379812e-09	3.04784080952632e-10
76.727	1.6988779853350301e-09	2.53254920423375e-10
78.556	1.5881808239613102e-09	2.36753086775815e-10
80.597	1.5800082661703702e-09	2.3553478587149653e-10
82.748	1.17820176683075e-09	1.801796175888305e-10
85.332	1.22162106177962e-09	1.868195739818085e-10
87.752	1.3259750800335302e-09	2.027781868721805e-10
89.992	1.6707359569335901e-09	2.5550173463775804e-10
92.178	1.2360044433804202e-09	1.939535756193955e-10
95.813	9.37997113699642e-10	1.434457493984225e-10
98.769	1.5613800813348e-09	2.387782322012065e-10
101.565	1.3485775555217602e-09	2.010351197005955e-10
104.444	1.12222574824932e-09	1.672924152724975e-10
107.758	9.41647299553311e-10	1.4037331859826201e-10
111.898	9.39294031195597e-10	1.40022443885101e-10
116.43	9.51768280528256e-10	1.4188205721976552e-10
120.384	1.0330290488436702e-09	1.539957602084715e-10
124.305	7.595388887571601e-10	1.161546081708365e-10
128.764	8.39789340311093e-10	1.317796658327755e-10
132.674	9.268654680817601e-10	1.5325344836261451e-10
136.074	7.29314104344214e-10	1.269578148344815e-10
140.47	5.95822088327694e-10	1.08782137094199e-10
144.486	7.43361367882261e-10	1.16648106962098e-10
148.505	7.0110347972638e-10	1.3829453120044102e-10
152.076	6.505391976222201e-10	1.187721167204225e-10
155.975	7.86415446014559e-10	1.43579677600842e-10
159.661	6.92948407465357e-10	1.2651493363731499e-10
163.705	8.71718230715151e-10	1.2994877401652601e-10
167.591	5.58635810210033e-10	1.0199283683713199e-10
172.657	5.49757907267627e-10	1.04300206428294e-10
176.166	7.462838819828091e-10	1.26145519570541e-10
180.512	5.82644064163774e-10	1.1053936715387151e-10
184.437	5.29299561844305e-10	9.663677044197664e-11
188.261	4.87402314942534e-10	9.24700600239871e-11
192.03	5.61199307546633e-10	1.0246085951285199e-10
196.201	4.725721105822031e-10	9.321608758388765e-11
201.247	4.31068706695429e-10	8.502944185627304e-11
213.983	5.384481284059171e-10	1.15124020300402e-10
224.893	3.62674879244903e-10	7.937798982045049e-11
246.679	3.24382334436278e-10	6.647349837059769e-11
266.638	3.8680522451390603e-10	8.7309367456997e-11
280.799	3.94434839266118e-10	8.83360766389955e-11
299.366	3.97706902071251e-10	8.906890679626989e-11
314.937	5.66476558562835e-10	1.24168673683679e-10
330.559	3.22950711433933e-10	7.110738011639119e-11
354.383	2.69399614080109e-10	5.2147239431260595e-11
38325.805	2.55202505468958e-12	6.67660715090596e-13
38875.774	1.9725924936687297e-12	5.17593430425581e-13
39759.131	1.5222138030455399e-12	3.31879436707481e-13
44488.883	1.4259737139931e-12	3.7352042321748697e-13
45506.586	1.4124425204440799e-12	3.23479668752445e-13
96775.889	7.0872599899772e-13	1.46604260088834e-13
306604.595	3.85525362136653e-14	2.0005487518801998e-14
49.188169661925	8.846454702369531e-09	1.2912307964735201e-09
49.7823116408757	8.91232370933958e-09	1.3286191584517601e-09
50.412387222011	6.12539477981933e-09	9.131375812209151e-10
51.1369733674655	6.072013473523081e-09	9.05176439083788e-10
51.8148346194638	7.358762106231851e-09	1.09699406185275e-09
52.4247043238587	7.196556686512031e-09	1.072811215183935e-09
53.2626874613934	4.735045000560331e-09	7.058649548496585e-10
54.1260267614285	5.22880397165696e-09	7.79469445058419e-10
54.835242450296	3.81718211991487e-09	5.690353170062509e-10
55.8608073917497	2.98603974456829e-09	3.95513140630144e-10
64.4663	3.94571700687229e-09	6.191601752134815e-10
65.443	2.70360628968542e-09	4.2424868365323405e-10
66.543	2.83515243238201e-09	4.2264115871396503e-10
67.862	2.61731130362266e-09	3.9016723962213306e-10
69.011	3.2008210567216805e-09	4.894934277276214e-10
70.299	2.53233628620642e-09	3.774999075721985e-10
71.56	2.47719686312784e-09	3.692801450087815e-10
73.184	1.68536191983e-09	2.7143789871496447e-10
74.95	2.04454501379812e-09	3.04784080952632e-10
76.727	1.6988779853350301e-09	2.53254920423375e-10
78.556	1.5881808239613102e-09	2.36753086775815e-10
80.597	1.5800082661703702e-09	2.3553478587149653e-10
82.748	1.17820176683075e-09	1.801796175888305e-10
85.332	1.22162106177962e-09	1.868195739818085e-10
87.752	1.3259750800335302e-09	2.027781868721805e-10
89.992	1.6707359569335901e-09	2.5550173463775804e-10
92.178	1.2360044433804202e-09	1.939535756193955e-10
95.813	9.37997113699642e-10	1.434457493984225e-10
98.769	1.5613800813348e-09	2.387782322012065e-10
101.565	1.3485775555217602e-09	2.010351197005955e-10
104.444	1.12222574824932e-09	1.672924152724975e-10
107.758	9.41647299553311e-10	1.4037331859826201e-10
111.898	9.39294031195597e-10	1.40022443885101e-10
116.43	9.51768280528256e-10	1.4188205721976552e-10
120.384	1.0330290488436702e-09	1.539957602084715e-10
124.305	7.595388887571601e-10	1.161546081708365e-10
128.764	8.39789340311093e-10	1.317796658327755e-10
132.674	9.268654680817601e-10	1.5325344836261451e-10
136.074	7.29314104344214e-10	1.269578148344815e-10
140.47	5.95822088327694e-10	1.08782137094199e-10
144.486	7.43361367882261e-10	1.16648106962098e-10
148.505	7.0110347972638e-10	1.3829453120044102e-10
152.076	6.505391976222201e-10	1.187721167204225e-10
155.975	7.86415446014559e-10	1.43579677600842e-10
159.661	6.92948407465357e-10	1.2651493363731499e-10
163.705	8.71718230715151e-10	1.2994877401652601e-10
167.591	5.58635810210033e-10	1.0199283683713199e-10
172.657	5.49757907267627e-10	1.04300206428294e-10
176.166	7.462838819828091e-10	1.26145519570541e-10
180.512	5.82644064163774e-10	1.1053936715387151e-10
184.437	5.29299561844305e-10	9.663677044197664e-11
188.261	4.87402314942534e-10	9.24700600239871e-11
192.03	5.61199307546633e-10	1.0246085951285199e-10
196.201	4.725721105822031e-10	9.321608758388765e-11
201.247	4.31068706695429e-10	8.502944185627304e-11
