time_sec	flux	flux_err
0.113000154495239	2.41774381645739e-09	2.40966780329203e-08
0.117000102996826	2.33654798880426e-08	3.27564490327594e-08
0.121000051498413	1.83219208974241e-08	2.93294796598422e-08
0.12500011920929	8.63726820995974e-08	4.08649885656054e-08
0.129000067710876	8.09734721874764e-08	4.3160528598592e-08
0.133000135421753	5.54768679092661e-08	3.40200942859429e-08
0.13700008392334	-3.3360640111917204e-09	3.97405574926939e-08
0.141000151634216	1.00298952458187e-07	4.41875021976164e-08
0.145000100135803	1.08980859810147e-07	5.77339613845709e-08
0.14900004863739	1.91992030676317e-07	7.02605511294519e-08
0.153000116348267	2.06996455755776e-07	7.16531899073476e-08
0.157000064849854	1.6477307093902e-07	7.17682951296564e-08
0.16100013256073	3.04321580894698e-07	8.05865682542928e-08
0.165000081062317	8.36967037150817e-08	5.54129866369985e-08
0.169000148773193	1.05543531882995e-07	6.98715129622274e-08
0.17300009727478	1.62328871780602e-07	5.65095642616518e-08
0.177000045776367	1.49319259082065e-07	8.59574654987552e-08
0.181000113487244	2.38877517800223e-07	7.6482925300005e-08
0.185000061988831	9.74288380192253e-08	7.53571117941308e-08
0.189000129699707	4.82821165824467e-08	8.64544019829378e-08
91.961	2.2839722705231001e-10	4.8860697846157695e-11
120.668	2.93448432837134e-10	6.40357038817563e-11
150.241	1.88847881652225e-10	4.2426151582074897e-11
190.204	5.89700740427607e-11	1.33106393226936e-11
345.878	1.2505394419922798e-11	2.82441050256635e-12
465.636	1.6353107042701797e-11	3.6677857931349196e-12
575.087	1.1542226475542299e-11	2.6019554798648097e-12
731.238	8.91065337874998e-12	2.0128234632247797e-12
924.038	7.26267260173417e-12	1.6305748307832998e-12
1111.317	7.49046857937607e-12	1.69721609906126e-12
1393.58	3.56053292330561e-12	9.14385214336454e-13
6199.921	8.7412027667365e-13	1.79112020653726e-13
11060.074	1.12578135844867e-12	2.99852386439959e-13
12390.913	1.03462297863987e-12	2.53868864990487e-13
17352.153	8.63991531799938e-13	1.73875604949703e-13
29076.859	4.93252842732889e-13	9.5317623397136e-14
