time_sec	flux	flux_err
5.12099999932571	7.79047965131073e-07	1.42390381272087e-07
15.3609999990836	1.05901477007504e-06	2.11114028796543e-07
25.6009999988416	6.50080697939233e-07	1.1940482556712e-07
35.8409999990652	4.16515852401516e-07	6.79101783121006e-08
46.0809999992887	2.52753748474956e-07	5.41356856655104e-08
56.3209999990466	3.54391945450176e-07	5.35721100432936e-08
66.5609999988045	2.10306291073469e-07	5.28387850825141e-08
76.800999999028	2.39652808970841e-07	4.57431877263089e-08
87.0409999992516	1.90501043208907e-07	3.71447561097741e-08
97.2809999990094	1.47882927999657e-07	3.01553386710859e-08
107.520999998767	1.36727145256869e-07	2.4477802109281e-08
117.760999998991	8.66409773006881e-08	2.00315331466025e-08
128.000999999214	9.6888836187599e-08	1.64907762405862e-08
143.480999999036	2.87210155305298e-08	6.288580571218641e-09
164.200999999111	1.16234950368842e-08	2.26622271655586e-09
195.300999999035	3.1810877328224e-08	5.291630417322661e-09
236.780999999024	8.95808963604079e-08	1.46198505190365e-08
278.260999999016	1.63889781985246e-08	3.4026601355879503e-09
118.939957891411	1.22414120914498e-08	1.49651327818666e-09
119.550284908456	1.42081993794752e-08	1.7438668612864302e-09
120.275858862487	1.90842115813115e-08	2.33280505074449e-09
120.967501405351	1.93558878764904e-08	2.447944149594345e-09
121.540454728394	1.56580183800071e-08	1.9408413580466303e-09
122.346144405842	1.3466758501916e-08	1.673617116752285e-09
123.222888101602	1.47760601517579e-08	1.8042635808349403e-09
123.883504308605	1.65179625653751e-08	2.0416861334165104e-09
124.64210043411	1.88165501478764e-08	2.418526381115565e-09
125.496097804513	1.33774978303039e-08	1.7071396016179002e-09
126.762227212313	1.41195158959426e-08	1.4227757668428901e-09
135.4893	1.33785364238418e-08	1.8498297134379702e-09
136.2971	1.2474555777871e-08	1.6529650805736652e-09
137.1365	1.40850371619618e-08	1.8666915326205904e-09
137.8739	1.21257039736265e-08	1.738209103110995e-09
138.6092	1.48196911683456e-08	2.2191786427227853e-09
139.3535	1.21634353598719e-08	1.9911358112511102e-09
140.2499	1.20665367211245e-08	1.7055495557378653e-09
141.0683	1.36127304998368e-08	1.78105592012217e-09
141.8839	1.81014452083291e-08	2.4247580320748754e-09
142.5103	1.62528831031166e-08	2.342711473868255e-09
143.3088	1.23928881644241e-08	1.8149171445647752e-09
144.0778	1.36090687530024e-08	1.880419897339285e-09
144.8225	1.42959263443552e-08	1.8670205924471352e-09
145.4605	1.58276712424914e-08	2.0196567646714803e-09
146.1585	1.26488872952064e-08	1.6130913428968651e-09
146.9884	1.30495626980043e-08	1.673067962085e-09
147.8672	1.16523556348214e-08	1.4780835258514052e-09
148.648	1.1924281443844e-08	1.526513529372165e-09
149.533	1.5805372600733e-08	1.9644727090787104e-09
150.2248	1.82049408115495e-08	2.3481854720905603e-09
150.9431	1.25802014210694e-08	1.7435389231601903e-09
151.8567	1.63109150165519e-08	2.1553180629892202e-09
152.5487	1.37552850790474e-08	1.8060188645437052e-09
153.2662	1.50127768436204e-08	1.9380617371123e-09
153.9885	1.34167878993802e-08	1.68414417011659e-09
154.771	1.36367598366954e-08	1.7172883275965301e-09
155.5011	1.34070696329281e-08	1.7298814939916951e-09
156.2269	1.53759207709925e-08	1.9523543389128155e-09
156.9068	1.30853894168763e-08	1.64193973672745e-09
157.7305	1.17168236068538e-08	1.5274071850165403e-09
158.5699	1.14558528307562e-08	1.552949047138e-09
159.3255	1.35929774877247e-08	1.7710081400845602e-09
160.086	1.12557428225411e-08	1.4652177459255702e-09
160.8968	1.38768174366008e-08	1.8283934614826652e-09
161.5308	1.46093413806349e-08	1.875618653569425e-09
162.4297	1.01959809100499e-08	1.3222368611396051e-09
163.3252	1.13178385869346e-08	1.5031687850534751e-09
164.0841	1.40504585132662e-08	1.8431015148910851e-09
164.8396	1.19350319120673e-08	1.50895608651508e-09
165.6181	1.19857704814407e-08	1.51474300077922e-09
166.522	9.883090755128581e-09	1.2636224814847951e-09
167.4372	1.37152212497745e-08	1.7258142839825102e-09
168.2021	1.03658733058358e-08	1.360008418802545e-09
169.1345	1.17307702285806e-08	1.5206116850153952e-09
169.9966	1.03704272754604e-08	1.32821048196239e-09
170.9297	1.16482817812035e-08	1.4640302816910802e-09
171.7264	1.51674806479766e-08	1.8691716026395153e-09
172.5332	1.06011704656532e-08	1.314847663419035e-09
173.3338	1.16876820538182e-08	1.4690166570250652e-09
174.1576	1.11058292519058e-08	1.4185525296602001e-09
175.0034	1.15126980854664e-08	1.4474020655129403e-09
175.953	9.86111406923862e-09	1.2389280165260402e-09
176.9686	1.07657104022178e-08	1.355593568815315e-09
177.8175	1.15026296740158e-08	1.4881619907009553e-09
178.7194	1.02965794526111e-08	1.3329018085676501e-09
179.5621	1.20705321681131e-08	1.515820339679025e-09
180.458	1.05104861332043e-08	1.339123522436885e-09
181.3891	1.42705082003634e-08	1.8450034760315852e-09
182.1876	1.59091538453997e-08	2.04745675890455e-09
183.0307	1.05910083529958e-08	1.3718273640833951e-09
183.8691	1.33761034922154e-08	1.6835990638836002e-09
184.7485	1.02302404138517e-08	1.335096356670325e-09
185.6604	1.00000430817563e-08	1.29185595869655e-09
186.55	9.090104355389141e-09	1.1580072608930503e-09
187.606	9.880310727958162e-09	1.257390304608675e-09
188.5276	9.818314693167281e-09	1.2563515390312902e-09
189.5161	9.71151991768957e-09	1.25595310320164e-09
190.3024	1.30786491524903e-08	1.7315338704334401e-09
191.0543	1.18956248826317e-08	1.530867124619695e-09
191.7961	1.25063493073528e-08	1.58701714347948e-09
192.6848	1.11861347812124e-08	1.46402201296809e-09
193.5462	1.2773415280707e-08	1.6899792830096802e-09
194.3304	1.31478412867036e-08	1.725589353179675e-09
195.1576	1.25605205712174e-08	1.657709684993295e-09
196.202	1.02789984874175e-08	1.35528094852492e-09
197.1893	1.10559886645356e-08	1.5206005956019453e-09
198.1347	1.07643078272732e-08	1.45648039699271e-09
198.9822	1.13603717614525e-08	1.52501456580697e-09
199.8447	1.30633221390544e-08	1.6994641924615252e-09
200.6571	1.14422861942122e-08	1.4945629832225152e-09
201.5119	1.04360216664862e-08	1.3843754693893951e-09
202.5456	9.53802231185355e-09	1.2624359450065751e-09
203.597	8.70419322622159e-09	1.13479950719857e-09
204.461	1.42000669469973e-08	1.8568153569605902e-09
205.3379	1.26782730255465e-08	1.6922252720578503e-09
206.1094	1.83470664266926e-08	2.2945601126721353e-09
206.7589	1.47894805097363e-08	1.8396618242025102e-09
207.681	1.0255202298782e-08	1.33255999894205e-09
208.757	1.05217219286552e-08	1.32180137610731e-09
209.594	1.12923817205913e-08	1.4777321011748e-09
210.4188	9.690342462476442e-09	1.22711741807771e-09
211.367	9.322410020784972e-09	1.1822895021659901e-09
212.3133	1.22737301414172e-08	1.559074889096285e-09
213.168	9.13874173436413e-09	1.156781853854945e-09
214.1691	9.752824566645831e-09	1.2268541142013451e-09
215.106	8.254835591272911e-09	1.04663914932322e-09
216.1739	9.650335380152881e-09	1.2180079803397902e-09
217.155	8.653295648682351e-09	1.086671527850605e-09
218.1508	8.89731031916971e-09	1.1411234169176101e-09
219.1024	1.1329393232452e-08	1.42489918710091e-09
219.9009	1.15963025743473e-08	1.5191694350732e-09
220.765	9.592904201184851e-09	1.214655122574245e-09
221.802	1.03482526558464e-08	1.35359597722706e-09
222.819	8.6865884331502e-09	1.116277599632675e-09
223.895	8.395726206495341e-09	1.087731476929275e-09
225.079	8.7755006864938e-09	1.1482392443393151e-09
226.085	9.316811220503461e-09	1.265750926451085e-09
227.031	1.24598209009068e-08	1.60256104482576e-09
227.98	8.76764426444112e-09	1.178342683478045e-09
229.086	1.00192831258949e-08	1.3219158288462201e-09
230.003	1.17629666117248e-08	1.6462186057482602e-09
231.038	9.29850014239116e-09	1.2133073101985e-09
232.151	7.93692028183057e-09	1.075411504358912e-09
233.403	8.696537782585671e-09	1.112800392671865e-09
234.496	1.06233910877797e-08	1.4497526472965003e-09
235.4649	1.23301435876308e-08	1.721665170863395e-09
236.3475	1.07862589417645e-08	1.5504948260580601e-09
237.393	9.680947089004151e-09	1.265567115131385e-09
238.423	8.643372128765541e-09	1.2129765094797851e-09
239.538	9.05189894628541e-09	1.241162825715895e-09
240.575	8.058956330626361e-09	1.0946500270376556e-09
241.748	7.89488336578415e-09	1.1045881110908511e-09
242.853	8.93885533532532e-09	1.1848820744040102e-09
244.012	9.03485554387751e-09	1.23070577151955e-09
245.149	8.451964183694562e-09	1.2055596268503102e-09
246.397	1.0163048255233e-08	1.414972463648555e-09
247.4345	1.03752829089315e-08	1.387114236008e-09
248.466	9.155019817847571e-09	1.2475958942083901e-09
249.572	9.419070226829341e-09	1.2463549097244352e-09
250.705	9.394136872821841e-09	1.2459893621298852e-09
251.889	8.34489077695143e-09	1.073637176411745e-09
253.148	9.57041278623666e-09	1.2981015243266952e-09
254.19	9.208216173000421e-09	1.3095685043261252e-09
255.24	9.03582900660175e-09	1.2856666692322652e-09
256.481	8.24455225217148e-09	1.08641251593342e-09
257.536	9.46291948706524e-09	1.2777522185531151e-09
258.484	1.0390752268656e-08	1.3099012574494051e-09
259.588	8.92844713168854e-09	1.193035280588275e-09
260.78	8.282909895361361e-09	1.0978072167308052e-09
261.932	6.935753608888631e-09	9.033041171718415e-10
263.249	9.811472269072361e-09	1.2604217569889201e-09
264.506	7.397577021279791e-09	9.6963799622327e-10
265.753	9.293116050983171e-09	1.196891132913205e-09
266.817	1.02354799367144e-08	1.350825130063245e-09
268.003	7.566898074254751e-09	1.054163369847184e-09
269.219	9.564918149514481e-09	1.303263525612955e-09
270.414	7.963467357902891e-09	1.063927408273189e-09
271.54	9.41524446889273e-09	1.2136678218558901e-09
272.753	7.4475908040542506e-09	9.9696132721795e-10
273.942	9.0705562541759e-09	1.2490715519868601e-09
274.9548	9.7163652722439e-09	1.2405703606176152e-09
275.996	8.47090937270133e-09	1.1040912107842502e-09
277.146	8.86212300286393e-09	1.170643352971065e-09
278.355	7.303417315285631e-09	9.19094329843799e-10
279.502	8.14624574750546e-09	1.0374871418669537e-09
280.586	8.52874849180831e-09	1.10964703002818e-09
281.79	6.84613627969608e-09	9.288944465711036e-10
283.07	6.645694906633671e-09	8.59063643478033e-10
284.557	6.888384011125e-09	8.833181762973745e-10
285.885	6.974961159887361e-09	9.166010869736611e-10
287.136	7.363060982249351e-09	9.723921806592815e-10
288.57	7.467828067982491e-09	9.613836078339535e-10
289.712	8.726616771705661e-09	1.155582878259345e-09
290.845	8.148247488985781e-09	1.1186271372873451e-09
291.985	8.95312398829195e-09	1.2503994802428051e-09
293.181	7.3382061567500705e-09	1.040936242389558e-09
294.545	7.656673512217291e-09	1.0754997220554291e-09
295.6696	9.93907312557457e-09	1.34009885117162e-09
296.4055	5.8178758437222506e-09	7.224654668387835e-10
296.9953	5.4951073961238e-09	6.724956284196205e-10
297.6539	5.91620357799069e-09	7.187034624816285e-10
298.2709	8.15994910904545e-09	9.986960975309261e-10
298.8613	5.709639607839231e-09	7.089424730432149e-10
299.4696	5.759416317521091e-09	7.2558718780323e-10
300.0169	7.93576362805989e-09	9.061977928583955e-10
300.5204	7.65551101308988e-09	9.039658609895e-10
301.0584	7.863648538618481e-09	9.285200787716891e-10
301.5627	7.649593542369791e-09	9.032106588063509e-10
302.1663	6.55360238353652e-09	8.13679840921468e-10
302.6785	6.833417531064131e-09	8.36233452761011e-10
303.226	7.246899401841491e-09	8.999523290786025e-10
303.8256	6.4444696782023e-09	7.88895811326132e-10
304.3738	7.109639529363561e-09	8.961551651958509e-10
304.9336	6.685828891065281e-09	8.18301671096088e-10
305.4938	7.207899490461871e-09	8.949067280041175e-10
306.109	6.403185903531e-09	8.186381270083141e-10
306.6921	5.84954039220261e-09	7.263874897182145e-10
307.2845	6.922358282912171e-09	8.472533416904426e-10
307.8604	6.8040399045146e-09	8.32715949862282e-10
308.4013	9.19105945869145e-09	1.042791198537035e-09
308.9	8.13342136854712e-09	9.80977816655492e-10
309.4526	6.808170799012e-09	8.27108440407085e-10
310.0045	6.800632508486421e-09	8.322303027579285e-10
310.6153	5.0823444432714e-09	6.402638765285626e-10
311.2739	6.857485534561751e-09	8.39277866692123e-10
311.8526	7.25013862153837e-09	8.872938912609545e-10
312.4513	5.921959735064411e-09	7.246853548087984e-10
312.9448	7.014380506986681e-09	8.5838050762098e-10
313.493	7.1119927744211e-09	8.96011315971132e-10
314.1542	5.54677637447779e-09	6.887209234653789e-10
314.7864	4.6572756691786e-09	6.320924297353561e-10
315.4394	6.3737948088364905e-09	7.912542071817025e-10
315.9666	5.71981444921335e-09	7.204461437215835e-10
316.5835	6.65369779628782e-09	8.140510743676675e-10
317.0973	7.841855892138621e-09	9.66191035224813e-10
317.6487	6.557068308939761e-09	8.14126085606792e-10
318.1922	4.7062960291356406e-09	6.59836301494547e-10
318.8612	5.21307343958765e-09	6.378696022038446e-10
319.4791	6.5950071483092506e-09	8.070012150799046e-10
320.0069	6.12226554023071e-09	7.713618748350245e-10
320.607	6.661322029321691e-09	8.151598908802586e-10
321.0882	7.225238965268351e-09	8.836386887057546e-10
321.6992	6.2170930129675105e-09	7.60830271632814e-10
322.253	6.971776375648221e-09	8.533177839566315e-10
322.8049	6.536448842277881e-09	8.11655865292326e-10
323.3995	7.66771464865025e-09	9.383546572262606e-10
323.9203	5.1216761181287406e-09	7.643423434887665e-10
324.4266	8.561675354475251e-09	1.0391497884702301e-09
324.9833	6.74342465704371e-09	8.370253654713104e-10
325.5458	7.07272842061445e-09	8.78015487585822e-10
326.1179	5.45988485828416e-09	6.778390887841405e-10
326.7414	5.004441307531171e-09	7.38638191587609e-10
327.2937	6.263470579955351e-09	7.665234002813105e-10
327.9031	5.585155128510431e-09	7.14072306477097e-10
328.5178	5.7190446976470905e-09	7.101168680546035e-10
329.1482	4.77424748614195e-09	6.103687590746311e-10
329.8256	6.24318788116724e-09	7.639928190653665e-10
330.4653	5.863186748878581e-09	7.175373384199319e-10
331.0592	6.119620052057991e-09	7.598112136636895e-10
331.6708	4.29589237319452e-09	6.55159194113534e-10
332.2628	4.88158659386195e-09	6.060008178019105e-10
332.9287	5.987032694879541e-09	7.376665193547205e-10
333.5525	5.81175689933378e-09	7.111622781211015e-10
334.1691	6.448783828178041e-09	8.06010916529653e-10
334.72	7.962802486719681e-09	9.885490260007156e-10
335.346	5.468395779404e-09	6.691481062756184e-10
336.0206	4.592456179284571e-09	5.701525411043685e-10
336.7419	5.141879986231941e-09	6.47800004952e-10
337.3041	6.4881736541652e-09	7.940470333867679e-10
337.8942	5.80094307954865e-09	7.09835367993614e-10
338.5293	5.0405546246566706e-09	6.35027864570815e-10
339.0971	6.98532909669887e-09	8.546599389022976e-10
339.6387	6.4368038667959e-09	7.81679166335267e-10
340.2429	6.1512777303898e-09	7.46941107138115e-10
340.8331	5.34402270593952e-09	6.63408193034093e-10
341.4985	5.664357985637221e-09	6.930904027420496e-10
342.1397	5.4062011408337405e-09	6.81060647732472e-10
342.7697	4.6014904367609e-09	6.866490280192845e-10
343.3151	5.54466173321461e-09	6.98449742154307e-10
343.9416	5.4061147471047e-09	6.61403675114643e-10
344.5423	5.636904487503291e-09	6.99608049381008e-10
345.1791	4.99309252275142e-09	6.289715912729955e-10
345.8082	6.43169567465462e-09	7.87167321714227e-10
346.3448	5.93367045723586e-09	7.367827912130505e-10
346.9058	4.1687759089563706e-09	6.221471250827771e-10
347.5329	6.46586329844764e-09	8.027304044200615e-10
348.0911	6.4543528380337805e-09	7.897647642114841e-10
348.7156	7.1574959937792404e-09	8.69368807167662e-10
349.2616	5.83516734513096e-09	7.13935248208984e-10
349.9067	6.462196379070151e-09	8.260112251332125e-10
350.5515	5.082270461477031e-09	6.308239057516291e-10
351.1868	4.484635482514411e-09	6.98845470051493e-10
351.7263	5.969566610958871e-09	7.51783335563484e-10
352.351	5.55695214146197e-09	6.99882855435503e-10
352.9606	4.762356581634351e-09	5.91127035306556e-10
353.659	5.8247714709571e-09	7.126021053189286e-10
354.3068	4.82562058960455e-09	5.86121453742175e-10
354.9757	4.131915290630981e-09	6.301046834335055e-10
355.5881	4.86324535706981e-09	6.03787919340281e-10
356.3013	4.85065412720391e-09	5.935026549279835e-10
357.0244	5.5707177256055e-09	6.81564565375021e-10
357.732	5.7511592760413604e-09	7.139496964110175e-10
358.3266	6.205237339783841e-09	7.70190615380026e-10
358.9055	4.8481893643599206e-09	7.004444952902605e-10
359.4268	5.223272846330781e-09	7.79316409526944e-10
359.9811	4.239484321733431e-09	6.325585264554401e-10
360.5854	4.9344680557886505e-09	6.0359832463821e-10
361.2107	4.3899266818820105e-09	6.5501450019376e-10
361.7547	4.7476637612119204e-09	6.35148857558606e-10
362.446	5.405080864892051e-09	6.612050713597325e-10
363.1907	4.9092795103868e-09	6.093893407597791e-10
363.9043	4.791009070931121e-09	5.94767980830792e-10
364.5471	5.726571215007431e-09	7.108993895526095e-10
365.1726	6.973669162692561e-09	8.532244743429384e-10
365.7218	4.7125164149214104e-09	6.195499777781411e-10
366.3668	6.4725543144121e-09	7.91847868365439e-10
367.0034	5.22827214786814e-09	6.59517035431575e-10
367.7482	5.89888808991913e-09	7.21635363032834e-10
368.4322	4.47434452301657e-09	6.745052259338595e-10
369.0216	5.2055060707739604e-09	6.369749512690165e-10
369.7198	5.39129566969342e-09	6.597361037046815e-10
370.4198	5.39404566817789e-09	7.210200670435231e-10
371.0577	4.4649770773962905e-09	6.662303096530745e-10
371.6336	6.440922139662291e-09	7.880087254307701e-10
372.2246	4.98128559697034e-09	6.093230977569996e-10
372.9165	6.184399226903081e-09	7.565259444390709e-10
373.6004	6.36424532537226e-09	7.90007234917746e-10
374.1907	7.293583675185091e-09	8.923917171324254e-10
374.9282	5.509439943871561e-09	6.690717793414171e-10
375.6289	5.1687511213522505e-09	6.51016650038417e-10
376.2737	4.40437515687315e-09	6.572039339619245e-10
376.8717	4.92940602971288e-09	6.031586290880074e-10
377.5922	4.92561062427734e-09	6.115162763102485e-10
378.2472	6.46087161420668e-09	8.020829322149241e-10
378.8499	5.14250226392712e-09	6.38416986910231e-10
379.421	4.07326765005136e-09	6.27306059092774e-10
380.0571	4.98139033257249e-09	6.184199195612835e-10
380.734	4.5611586717355904e-09	5.844317710648075e-10
381.4657	4.42723117974343e-09	5.627279038555961e-10
382.1825	5.9785020440396e-09	7.315990129715215e-10
382.7912	6.2061483106172805e-09	7.59312436227348e-10
383.4728	6.202768955286811e-09	7.5885390744449e-10
384.1078	5.1330506764860105e-09	7.658959084973865e-10
384.5819	4.597276085004211e-09	6.85971808032058e-10
385.1757	6.0140865558245e-09	7.465658014569535e-10
385.8435	5.720624866098561e-09	6.999683472515596e-10
386.4566	3.82254639763135e-09	6.22814974856009e-10
386.9903	4.19089578194157e-09	6.041350785371925e-10
387.631	5.67437770732585e-09	7.044207761147895e-10
388.2587	5.772438631677021e-09	7.165455597866125e-10
388.8748	3.89643438140106e-09	5.81438576684082e-10
389.5043	4.5130567808922605e-09	5.685301547469415e-10
390.1392	4.31730131550905e-09	6.5829840837441e-10
390.7182	5.0395396504811e-09	6.25515230337757e-10
391.3443	4.814524325735721e-09	6.885689554404181e-10
391.8667	4.60642242442662e-09	7.024241890532971e-10
392.5272	4.97840799394989e-09	6.18018999811768e-10
393.0722	3.7147910045855403e-09	5.665171822103795e-10
393.7686	5.262513027178591e-09	6.439987166672601e-10
394.4421	4.6063887741533305e-09	6.516106473577101e-10
395.039	5.51499092668207e-09	6.846382036170936e-10
395.6418	3.7904707447393404e-09	5.908245383405326e-10
396.2861	3.6894158980939904e-09	5.75016839955921e-10
396.7563	4.642269077856731e-09	6.852237542229055e-10
397.3644	4.165461745179221e-09	6.215417944112436e-10
397.8852	4.88414528632921e-09	7.28766015274324e-10
398.4638	6.26178616124048e-09	7.661601981325395e-10
399.1389	5.932393967707791e-09	7.36503043407126e-10
399.792	4.020249247220541e-09	6.13026055980544e-10
400.4729	4.67234601086952e-09	6.971620781855444e-10
401.0115	5.1068983473581106e-09	7.62033549462278e-10
401.5426	5.474094680331371e-09	7.891012540829425e-10
402.1439	5.240871876026641e-09	7.013254518537125e-10
402.8147	6.1296912562136204e-09	7.392334664338661e-10
403.451	5.081021599953791e-09	6.172027036291056e-10
404.0753	4.41706786080081e-09	6.317480080156525e-10
404.7266	3.6249912034559104e-09	5.409384279406675e-10
405.2342	3.990211628330321e-09	6.21913594244996e-10
405.901	5.00298807400032e-09	6.39591577567153e-10
406.488	4.38013835868123e-09	6.53621774392628e-10
407.12	6.584923098365671e-09	8.05685029385693e-10
407.7481	5.8398957867731905e-09	7.25076412025523e-10
408.3938	5.218917994305e-09	7.04254368047431e-10
409.0619	4.6507103479870205e-09	6.940612189334681e-10
409.6399	4.28243534148489e-09	6.530119927714285e-10
410.1993	4.56079108552097e-09	6.574929389910325e-10
410.7974	5.80427288836076e-09	7.10264157830231e-10
411.4033	4.98025700593227e-09	6.093788960796345e-10
412.0161	4.78751127413032e-09	7.05950592126748e-10
412.6575	3.890303296162441e-09	5.932156531013266e-10
413.2479	4.6632949004219405e-09	5.78866002558042e-10
413.9491	3.89535451853397e-09	5.812356272214885e-10
414.4219	4.0701217954046e-09	6.07310338378873e-10
414.9867	5.099938899565271e-09	6.42363414602787e-10
415.6676	3.59370294714689e-09	5.362164161300186e-10
416.2327	4.280428181494961e-09	5.881470795005736e-10
416.9049	3.6857089944874903e-09	5.619828034414821e-10
417.4738	5.116150911605251e-09	6.25887427756434e-10
418.145	4.25762971467384e-09	6.352659041843285e-10
418.7561	4.01542485606226e-09	5.991318388345325e-10
419.2592	4.1194149540916e-09	5.762096718562626e-10
419.9936	3.1471026016078203e-09	4.798669598571575e-10
420.6118	4.35903662045554e-09	6.504238211977615e-10
421.2302	5.24412376094948e-09	6.509682073156669e-10
421.779	4.25300801293528e-09	6.346177907653315e-10
422.3635	5.0364683576791105e-09	7.196464124263265e-10
422.9503	5.056444183292411e-09	7.082643949627401e-10
423.5456	4.94918837675245e-09	7.385298094263335e-10
424.065	4.19146179501891e-09	6.532966531063265e-10
424.6224	4.80730674600534e-09	7.247614822617315e-10
425.121	4.81488860421063e-09	7.107047652263285e-10
425.6846	4.9551426039731e-09	7.394905233080385e-10
426.2471	4.3531372567783705e-09	6.638888601379131e-10
426.8717	3.57097990662222e-09	5.44622845075533e-10
427.5739	5.04357112062185e-09	6.35504067712496e-10
428.1928	5.006514205433631e-09	7.235833714144365e-10
428.8111	5.7570907047590205e-09	7.254253098003776e-10
429.4006	4.5915068565418404e-09	6.77813200189616e-10
429.9558	3.91488928374207e-09	6.102710878648711e-10
430.5962	4.987057851369921e-09	6.103211005510405e-10
431.1672	4.37693043045091e-09	6.532200233091955e-10
431.688	4.3807340145591e-09	6.680896878000536e-10
432.2649	4.7992303828580106e-09	6.59573209186039e-10
432.9141	4.3207358938758505e-09	6.589142330903665e-10
433.4906	4.49664883190307e-09	7.008874052369465e-10
433.9804	4.515518442784451e-09	6.80775103411008e-10
434.584	5.0047133680093105e-09	6.078848058230745e-10
435.188	4.37648569060205e-09	6.530974109390936e-10
435.7494	4.05315352776808e-09	6.18087531282795e-10
436.4047	4.64298589758759e-09	5.681129766157225e-10
437.0731	4.4395151835615e-09	6.349335680381875e-10
437.6579	3.6222462850511705e-09	5.901830169279274e-10
438.268	3.9550446142587705e-09	6.1644239340557e-10
438.78	4.2761629423172205e-09	6.23843010279672e-10
439.3419	4.31746605632391e-09	5.99431949112668e-10
439.9303	4.167716746361741e-09	6.219199204209321e-10
440.4165	4.24570771739128e-09	6.335564943975181e-10
441.0206	3.97657906937028e-09	5.933946039019075e-10
441.5021	4.650133195672661e-09	6.939026193911615e-10
442.1344	5.309013466840361e-09	6.590704097123355e-10
442.7853	4.55230160371218e-09	6.792999271623655e-10
443.3749	4.26076687031995e-09	6.497183268904415e-10
443.9184	5.00206684510086e-09	7.627563450660286e-10
444.4823	4.816078155281e-09	6.75148977963621e-10
445.0797	4.6600092811858106e-09	6.953648580396505e-10
445.5923	4.81563605968613e-09	7.18585690018433e-10
446.1158	4.9663884910938805e-09	7.410794732330466e-10
446.7047	3.846332178489761e-09	5.865132619620024e-10
447.3031	4.857526001336781e-09	7.407043598801805e-10
447.7907	4.84993099493375e-09	7.2369591941556e-10
448.4068	5.6440380877065605e-09	7.00630438485771e-10
449.0638	4.11623226482166e-09	6.27659370090076e-10
449.7484	3.9044533557492505e-09	5.82602593407565e-10
450.3309	4.61143799169641e-09	6.33652419183963e-10
450.9509	4.75368990916041e-09	6.53700104281511e-10
451.6519	5.12285446598042e-09	6.267344041305321e-10
452.3103	5.376422650579381e-09	6.673663270256055e-10
452.9396	4.41518221281597e-09	6.587869703119535e-10
453.4594	4.222055881360191e-09	6.299706413795855e-10
454.1097	5.009109071798961e-09	6.1281366069272e-10
454.7509	3.38731684288961e-09	5.16499419962565e-10
455.4627	3.6680298507635404e-09	5.84430572063707e-10
456.118	4.69753070590835e-09	7.009448723416216e-10
456.69	5.448233684749361e-09	6.76322696251924e-10
457.3849	4.5149437226179e-09	6.884684080851455e-10
457.949	4.50452022927724e-09	6.721648948955825e-10
458.4715	4.89787220487484e-09	7.308597005826245e-10
459.0605	5.7256288613230805e-09	7.005205506046395e-10
459.6923	4.34462584734109e-09	6.482840340112905e-10
460.1883	4.33413075953729e-09	6.4671018597832e-10
460.8276	4.7070902802809806e-09	5.758642468383579e-10
461.4543	4.0203090506198104e-09	6.130025479055221e-10
462.0973	5.2955506933647705e-09	6.52323209186896e-10
462.7337	4.433453390010981e-09	6.61488789177356e-10
463.3274	5.68927643596922e-09	6.959672911449575e-10
463.9046	3.951142864708731e-09	6.02444196416073e-10
464.5022	4.13785726641658e-09	6.10666727912951e-10
465.01	4.35647241673743e-09	6.500317396238075e-10
465.605	4.86615326202099e-09	7.105092563716e-10
466.1462	4.42427538497813e-09	6.60173445179189e-10
466.6565	4.705671187819681e-09	7.175528290928114e-10
467.2435	4.74242598901919e-09	5.973952905907475e-10
467.9173	4.43999687031701e-09	6.625619029960155e-10
468.5523	4.62440235524295e-09	6.90091910043808e-10
469.1839	5.782575086224981e-09	7.124847943875286e-10
469.798	5.0347457312452605e-09	8.203594085913161e-10
470.327	4.67464932007114e-09	7.128914009846591e-10
470.8411	4.7124642491673205e-09	7.186661769000411e-10
471.4589	3.75254138224722e-09	5.722825584883194e-10
471.9985	4.393038667046851e-09	6.847730745933066e-10
472.6086	3.51353720379304e-09	5.358457172454891e-10
473.3513	3.8004257973021705e-09	5.671849162898465e-10
473.9186	3.89761389838117e-09	5.81667381013516e-10
474.5251	4.67431961063939e-09	6.975550293237776e-10
475.1162	4.14979744696941e-09	6.19253504722622e-10
475.6377	4.0482054078262405e-09	6.040751020151585e-10
476.1851	4.28393489325154e-09	6.392283248150865e-10
476.7668	4.15631129748067e-09	6.201641344656115e-10
477.295	4.09054819188778e-09	6.236994494063375e-10
478.0229	3.39601469399628e-09	5.177821871998785e-10
478.6801	4.3026215119197e-09	6.41948622925735e-10
479.2197	5.10625741467497e-09	7.61130903130875e-10
479.8455	4.7782141835288706e-09	7.28550076024828e-10
480.4044	4.565274806685431e-09	6.26502077334864e-10
481.1317	3.5050808445549504e-09	5.229968729729345e-10
481.7758	5.2468494759684905e-09	6.419232701338456e-10
482.467	3.32463191476688e-09	5.181651814116585e-10
483.1543	3.5424025939679104e-09	5.286025654574331e-10
483.7304	4.7332911532904304e-09	7.21782488603324e-10
484.3916	3.1170207831608e-09	4.6513441054073e-10
485.1658	3.93500756309884e-09	5.872024156073641e-10
485.6897	4.35289274513138e-09	6.63788349580703e-10
486.2441	4.0333457359694806e-09	6.018838874087736e-10
486.8121	4.27773051686775e-09	6.383569192568675e-10
487.4238	4.7928853087592506e-09	5.864662606612475e-10
488.1115	4.75293776757184e-09	7.092808640067661e-10
488.7317	5.6996677922886804e-09	6.974425815501116e-10
489.3648	4.7732722030342e-09	7.27931571453178e-10
490.0083	4.70768897641225e-09	7.179409971709215e-10
490.5286	4.3393481465059e-09	6.475967395888471e-10
491.1716	3.66313087405674e-09	5.586563296542826e-10
491.7149	4.35523469795495e-09	6.499864797698875e-10
492.2414	4.526154599503151e-09	6.902920639614025e-10
492.7723	3.81563125611448e-09	5.694705269337615e-10
493.4137	3.3926330399497604e-09	5.063417715035324e-10
494.1265	2.97616901857023e-09	4.5389777168721254e-10
494.8178	3.6960949936951303e-09	5.516016427908264e-10
495.414	4.0503713638542206e-09	6.04459851319021e-10
495.9853	3.6122803142167304e-09	5.39070235286829e-10
496.7292	4.32711228848177e-09	6.457297952793896e-10
497.3656	6.03243440706109e-09	7.48902448472744e-10
498.0271	6.266691299979281e-09	7.844604802301765e-10
498.7777	4.29610411987784e-09	6.410575499693841e-10
499.3565	4.917496564808021e-09	6.41018607544506e-10
500.046	3.8258506129297505e-09	5.708671480537901e-10
500.7093	4.8470104443505305e-09	5.929802199201485e-10
501.3553	3.6530347927148e-09	5.45061427952242e-10
501.9623	3.8427462780742e-09	5.85917260438465e-10
502.5003	3.936057420812421e-09	5.872732601720561e-10
503.0376	4.650292913924691e-09	7.16111801732345e-10
503.527	4.7479790190542e-09	7.006819931200011e-10
504.1233	3.91614441072717e-09	6.103119762146094e-10
504.7836	3.776588727737441e-09	5.635098714968796e-10
505.4774	2.84414193519292e-09	4.243935451756795e-10
506.2112	3.65878625845192e-09	5.459712217611435e-10
506.8276	3.83054198386195e-09	5.71621050567667e-10
507.4662	3.2578599757235102e-09	4.86178567213122e-10
508.1099	3.97360437494112e-09	6.332052438320635e-10
508.7337	3.1307743518575504e-09	4.672329775107555e-10
509.3521	3.81185061787632e-09	5.68876027157014e-10
509.9881	3.865351149279471e-09	5.89489789394648e-10
510.6001	4.6913561974813e-09	7.00132506111066e-10
511.1992	3.0794325103888102e-09	4.59571092053581e-10
511.9655	4.081463284789091e-09	6.091132344198364e-10
512.6431	3.39304229881202e-09	5.063741206613555e-10
513.3182	4.5028967114998305e-09	6.720094152337675e-10
513.9004	4.3713851900583506e-09	6.523901157073696e-10
514.5709	4.20418877521565e-09	6.4118237155108e-10
515.2685	3.3827460668684404e-09	5.048591611844286e-10
515.8588	4.7176724815078905e-09	6.614902489654719e-10
516.463	4.74864200015692e-09	6.41240662255004e-10
517.0568	4.52361634933459e-09	6.751538746728545e-10
517.6821	4.59243443164088e-09	6.854353512298015e-10
518.2819	3.92662520351703e-09	5.988959580909446e-10
518.8404	4.07976851784875e-09	6.360008579882935e-10
519.3917	4.2193227491243804e-09	6.297524991733505e-10
520.0988	2.83624258538929e-09	4.325868513089725e-10
520.8487	3.71417465858368e-09	5.543541432045485e-10
521.5497	3.4802876883694504e-09	5.30814804090446e-10
522.2016	3.6399805372121205e-09	5.43278019079911e-10
522.7785	4.313365716450421e-09	6.156217987380664e-10
523.3819	3.9901177357697406e-09	5.95528093997771e-10
524.0602	3.772942101292551e-09	5.630883317023615e-10
524.6372	4.775901040939321e-09	7.28354008884472e-10
525.2554	3.8839472122809205e-09	5.79610416198949e-10
525.8746	4.59140058978721e-09	6.85159016943088e-10
526.3996	4.3244092623946e-09	6.382573787778805e-10
527.026	4.349559599185581e-09	6.63239796154982e-10
527.7146	3.796902196660531e-09	5.78947932670085e-10
528.3551	3.83151074734537e-09	5.77560825735392e-10
528.9785	4.32983957642263e-09	6.60200180388608e-10
529.5332	4.63134844011028e-09	6.910476250012866e-10
530.0857	3.964761283179651e-09	6.04550099519308e-10
530.8005	3.3733195900492203e-09	5.033522130810835e-10
531.4016	3.4097559586920502e-09	5.199396842662205e-10
532.2021	2.98410463293598e-09	4.650996981150875e-10
532.7915	4.1601154104705706e-09	6.343817205296785e-10
533.3601	4.43486778778741e-09	6.40824590662521e-10
533.9364	3.99950928087874e-09	6.09900762306685e-10
534.503	3.69957747763713e-09	5.64165888915535e-10
535.0845	4.681390991901111e-09	6.985937283359285e-10
535.6002	4.631490658901991e-09	6.819231298792059e-10
536.1946	4.80713896724917e-09	6.490350758220969e-10
536.9141	3.6556050576473704e-09	5.455274411048205e-10
537.5169	5.4337287498046105e-09	8.108818556069279e-10
538.0951	4.7100247601545305e-09	7.028865389932616e-10
538.7574	3.7979554030248806e-09	5.726005827742031e-10
539.2972	4.62524628578142e-09	6.902397083351895e-10
539.9076	4.032607109451261e-09	6.1497644730295e-10
540.4619	4.87400896698285e-09	6.703569321075465e-10
541.1915	3.1203785688187604e-09	4.656677983523315e-10
541.796	4.344189018160661e-09	6.48304593179823e-10
542.3927	3.79728401068619e-09	5.91893377772245e-10
543.0775	3.0749108112017302e-09	4.68933968551403e-10
543.81	3.4992948817321e-09	5.22240351201227e-10
544.5061	4.1546403771170205e-09	6.200722413882456e-10
545.1461	3.5002453133134504e-09	5.22426768302205e-10
545.7626	3.938960888256191e-09	5.879345972368905e-10
546.4227	3.0596218958770804e-09	4.56704452771531e-10
547.1497	3.09529381751651e-09	4.721629300746146e-10
547.9222	3.2044114551829e-09	4.783712765082995e-10
548.5684	3.2975494381754803e-09	4.92282725792036e-10
549.2802	3.22150992645889e-09	4.809176636699904e-10
549.9582	3.813609466720151e-09	5.81751772440302e-10
550.5698	3.3577051912075103e-09	5.012269749518469e-10
551.2656	4.03543965997383e-09	6.431910272502521e-10
551.9094	4.13822367906886e-09	6.177083612535294e-10
552.575	4.28018296545599e-09	6.67288540698171e-10
553.2444	3.357762635009e-09	5.011881967981086e-10
553.9499	4.04242467476729e-09	6.165809708923305e-10
554.5563	3.9468078534366605e-09	5.89097706770895e-10
555.3355	2.7884558694152202e-09	4.161981388926475e-10
556.0743	3.7443076761524805e-09	5.837102085494571e-10
556.7148	4.2979345853978606e-09	6.41486936446573e-10
557.2095	4.30018545317652e-09	6.55866243096463e-10
557.7941	3.9495971502632e-09	6.02389656275223e-10
558.3685	3.4446723557237104e-09	5.253729567388555e-10
559.0029	3.0046209081223704e-09	4.68372854197294e-10
559.7352	3.4107326139374e-09	5.090295743522355e-10
560.4237	2.49901748223921e-09	3.8953942269489e-10
561.2791	3.01151979060738e-09	4.694150670610225e-10
561.8241	4.437048677742811e-09	6.621539871493055e-10
562.4339	3.4717297820409604e-09	5.294296587981465e-10
563.0911	3.78020686605022e-09	5.764611950284461e-10
563.7567	3.878034519035411e-09	5.787081064907875e-10
564.3783	3.3347779904672705e-09	4.976441695444345e-10
565.1192	3.4785968823905604e-09	5.191103712434535e-10
565.7575	3.6969777101718804e-09	5.51704622994434e-10
566.4971	3.5272666112887403e-09	5.497961442285375e-10
567.1006	4.4414934133356305e-09	6.773336516402356e-10
567.8001	3.87824367137927e-09	5.787709338422209e-10
568.5061	3.5165023552647704e-09	5.2478571873566e-10
569.2029	3.1589019950550404e-09	4.817307872928105e-10
569.833	3.6847986779015804e-09	5.619196772442925e-10
570.5653	3.2481678031859305e-09	4.95325103355481e-10
571.2481	3.8383013766012206e-09	5.727633462905026e-10
571.8483	5.5935245167251305e-09	8.346687716369951e-10
572.3768	4.562352671730741e-09	6.807859619177335e-10
573.1268	2.97902958450473e-09	4.44518751560838e-10
573.8595	4.782941740933861e-09	7.13708814278493e-10
574.3908	3.6044918517488e-09	5.49654401788836e-10
575.1112	3.1623111958272105e-09	4.719100223157585e-10
575.8407	3.40309251199266e-09	5.078634225957015e-10
576.4042	3.857349465208931e-09	5.75676992414606e-10
577.135	3.2179914396300805e-09	4.802761740575046e-10
577.8326	3.65030552651365e-09	5.56752116413971e-10
578.4384	3.93158290050012e-09	5.99666985478799e-10
579.1638	3.7852634599080604e-09	5.77351688058722e-10
579.6793	5.122531151337821e-09	7.6458734852693e-10
580.315	3.85077388332339e-09	5.747674743663651e-10
580.9584	3.9286177080940406e-09	5.992228975650555e-10
581.616	4.98766582454514e-09	7.44466089776352e-10
582.2727	3.0777767997087e-09	4.593949576951015e-10
582.9099	3.9973466983586e-09	6.0971280746975e-10
583.6898	3.2786670515852103e-09	4.893789825638836e-10
584.3246	3.7486639581216304e-09	5.717687248488585e-10
585.1053	2.9043121670509103e-09	4.4297612881724503e-10
585.9209	3.3321343353764103e-09	4.973336688670401e-10
586.5316	3.83789033721647e-09	5.728124573431501e-10
587.2366	2.94289316095284e-09	4.392256084607525e-10
587.9497	4.0966681020676904e-09	6.24801510888604e-10
588.556	4.45646847142688e-09	6.796730083673576e-10
589.1752	4.52065823062613e-09	6.894652552269475e-10
589.718	4.3586701280086e-09	6.505212044645145e-10
590.4884	2.8839676949316402e-09	4.3984985572279555e-10
591.2666	3.59824737887045e-09	5.37034832360687e-10
591.9303	3.95661391970133e-09	5.905233299338375e-10
592.6002	4.00733933959126e-09	5.980962174418235e-10
593.2338	4.1429387372362505e-09	6.183373718399205e-10
593.8548	4.4933261368728e-09	6.853215293800216e-10
594.4897	3.04275570026873e-09	4.541467120179925e-10
595.1203	4.27836218540466e-09	6.385759600309745e-10
595.7405	3.1100133219537704e-09	4.6419841045806704e-10
596.5159	3.10901401246777e-09	4.84689774850681e-10
597.3054	3.80343387201494e-09	5.801438219988745e-10
598.0514	3.4902436144800903e-09	5.20978815288817e-10
598.753	4.19728418059869e-09	6.264968393971496e-10
599.4468	3.40542760465692e-09	5.194013556406986e-10
600.2453	3.11428805909704e-09	4.64795146961226e-10
601.0257	3.11304183747274e-09	4.645829327151095e-10
601.6714	3.69283470814934e-09	5.63154146240846e-10
602.423	3.0242817904459804e-09	4.61178902097652e-10
603.0803	3.96976467733814e-09	5.92364926784832e-10
603.7822	3.3005137239155205e-09	4.924910607694615e-10
604.4358	3.09360179323722e-09	4.717244858667855e-10
605.1595	3.5208068274671305e-09	5.253592055546215e-10
605.8165	4.1731031344514705e-09	6.226895857809445e-10
606.4617	3.15059708231658e-09	4.804106953257916e-10
607.2171	2.9198757588468703e-09	4.4522828118718907e-10
607.9039	3.76078229262091e-09	5.61159551478322e-10
608.639	2.93363789023892e-09	4.3773887117150655e-10
609.4229	3.57131450657029e-09	5.4456241395517e-10
610.0619	4.32446149450048e-09	6.382362460685045e-10
610.7141	3.89029554897135e-09	5.80493371264553e-10
611.3698	3.00853302628383e-09	4.587542459235e-10
612.0886	4.113963863064321e-09	6.4118371331189e-10
612.8022	2.6481407429983803e-09	3.9515020651857147e-10
613.5848	3.22356457512117e-09	4.81023657540848e-10
614.2675	4.611550782281541e-09	5.725159959135195e-10
614.9562	3.5588358718398404e-09	5.427224726713401e-10
615.6189	4.6766301078016605e-09	5.722939923886806e-10
616.4004	3.1798564800586805e-09	4.849698298687576e-10
617.1954	3.16832500419147e-09	4.72881919186003e-10
617.9258	3.43755611929752e-09	5.130923102151849e-10
618.5952	4.0907785003452e-09	6.239542966505046e-10
619.1868	3.88988032881631e-09	5.80584393764829e-10
619.7909	3.4966091572250803e-09	5.332875227951511e-10
620.4629	3.97361769830984e-09	5.93034685114642e-10
621.2506	3.0062770361901704e-09	4.486440746611935e-10
621.8508	4.187319835684461e-09	6.180619781927195e-10
622.4052	4.2417342000853606e-09	6.468384634476975e-10
623.0664	3.5042637218746304e-09	5.229095331520484e-10
623.8478	2.48857973038274e-09	3.794818012254785e-10
624.6331	2.56914496926781e-09	3.91773681202487e-10
625.629	2.0680312371502603e-09	3.0860759638628954e-10
626.4442	3.15736124999599e-09	4.81492069148984e-10
627.0499	3.72955689294193e-09	5.565718219841955e-10
627.7068	3.0702515400557504e-09	4.581894446123495e-10
628.5272	2.677364608729e-09	4.083081763351305e-10
629.2993	3.7235134089665902e-09	5.678399492545635e-10
629.9896	3.4854628767877703e-09	5.31529452597096e-10
630.932	1.99497889565599e-09	2.9770791527114196e-10
631.817	3.8483893415640705e-09	5.742780490625581e-10
632.5001	3.4703679756726604e-09	5.178602979802555e-10
633.1275	5.0923192738347406e-09	7.59884245349972e-10
633.636	4.429980654803321e-09	6.755245340236385e-10
634.3827	3.02612517172235e-09	4.5620482181458e-10
635.2169	3.0728234150663504e-09	4.789343855348206e-10
635.944	3.1271805431756104e-09	4.768696196676875e-10
636.8196	2.48180209171952e-09	3.86821312086548e-10
637.6144	3.7127250119950804e-09	5.54035502870451e-10
638.332	3.1894936663849402e-09	4.863801208831154e-10
638.9725	4.45501708278695e-09	6.648108026709895e-10
639.5523	4.3748741411257805e-09	6.67148914053706e-10
640.1422	3.6134881699233903e-09	5.632210900901175e-10
640.8777	3.1814629804466105e-09	5.069510549633326e-10
641.6374	3.820152327698131e-09	5.70081538771748e-10
642.2169	3.4484937196841303e-09	5.146209209371535e-10
642.8914	3.82730007910605e-09	5.836590870439605e-10
643.6902	2.8566439302491304e-09	4.26306059101766e-10
644.5469	2.9033960655184403e-09	4.33291850563052e-10
645.2597	4.01233524997183e-09	5.987969539640281e-10
645.9856	3.965646728694811e-09	5.91839696397831e-10
646.6391	3.4735515961655203e-09	5.29754934830522e-10
647.5312	3.1051790935466404e-09	4.5838676846076804e-10
648.2302	3.39319758332665e-09	5.064326830682741e-10
648.9091	3.3475993433308403e-09	4.996173000836145e-10
649.694	2.78921971643549e-09	4.16269720377613e-10
650.4729	3.22258302774897e-09	4.914622188618066e-10
651.1825	3.08366603194348e-09	4.6019079531304254e-10
651.8828	3.4824506436442902e-09	5.428057222435709e-10
652.5718	3.70399665046193e-09	5.527405434820426e-10
653.4347	3.08464830381045e-09	4.6030799328228946e-10
654.1887	3.64831606765674e-09	5.444255337165515e-10
654.8658	3.89953919338342e-09	5.819207258101535e-10
655.5845	3.87592427718778e-09	5.784019460316405e-10
656.3676	2.8180417736311e-09	4.29747340643197e-10
657.1821	3.6870991646524503e-09	5.622833946094146e-10
657.9733	2.1074029863242102e-09	3.28484927407598e-10
658.7932	2.71775771767058e-09	4.14462161790064e-10
659.669	2.83059675760746e-09	4.31666803915933e-10
660.4083	3.6598056096496502e-09	5.461584198057506e-10
661.1274	3.3870391913004e-09	5.16516862271127e-10
662.0088	3.4757231155568605e-09	5.186790640666855e-10
662.7896	2.9277093225687104e-09	4.3689620944127805e-10
663.6518	3.3103409549314703e-09	4.939915569721151e-10
664.2777	3.87290303077743e-09	6.036457046708695e-10
665.0287	2.7295691040858303e-09	4.0732016421070096e-10
665.7526	3.75152269969644e-09	5.720764355758635e-10
666.549	2.5050591571116e-09	3.7381306427557753e-10
667.2817	4.5265033137718105e-09	6.754552267482635e-10
667.9372	3.57995402131906e-09	5.28379400278804e-10
668.7592	3.7240942963644802e-09	5.55710271043399e-10
669.3694	3.36232537052146e-09	5.127106772535065e-10
670.0299	4.002557486719441e-09	6.103335632194675e-10
670.6386	3.3158803933127e-09	5.167978285898955e-10
671.2835	3.2769471668553604e-09	4.889726525563151e-10
672.0479	2.63382852022609e-09	4.01612915041951e-10
673.044	2.31208722150763e-09	3.4499353158891053e-10
673.8642	3.4539892339132902e-09	5.266667082301065e-10
674.4691	3.9074992669683e-09	5.83049255389327e-10
675.2013	3.0747371297420403e-09	4.89897723308446e-10
676.0119	3.1327246410948603e-09	4.722469587466055e-10
676.7463	3.15643255101512e-09	4.919360290287725e-10
677.5826	2.43224912862009e-09	3.708731046649465e-10
678.4379	3.6558985472813503e-09	5.574592004278595e-10
679.188	3.3225303095466e-09	5.066316645241939e-10
680.0208	3.44808665824734e-09	5.257834876573001e-10
680.7411	3.5835485022820805e-09	5.3473472858084e-10
681.6566	2.40263807590585e-09	3.58525091504007e-10
682.3439	3.99973859468963e-09	6.099232026583989e-10
683.177	2.73083001797633e-09	4.0750760023951556e-10
683.9317	2.56999582532359e-09	3.835061306568035e-10
684.8975	2.7674858590423102e-09	4.172163111448855e-10
685.7626	3.0008886767746204e-09	4.47800175652572e-10
686.417	4.81584324525841e-09	7.34366010738967e-10
687.1226	2.7224010227749e-09	4.3378061343495e-10
688.0157	2.2089135254994503e-09	3.36832850850687e-10
688.8044	3.54891470029924e-09	5.29574785656937e-10
689.4852	3.37560362904646e-09	5.03718353817439e-10
690.2707	3.2099884801562605e-09	4.790115375012495e-10
691.0311	3.4072828757942505e-09	5.195930987984511e-10
691.7054	3.7026993242319304e-09	5.46524514434661e-10
692.4164	2.8338750155371504e-09	4.321618890131355e-10
693.165	3.1387975488735504e-09	4.786671018020395e-10
693.9015	2.8796786420817504e-09	4.2973535239720847e-10
694.7074	3.4358099824104505e-09	5.239434445436055e-10
695.3308	4.01284619895079e-09	5.922831839578345e-10
696.0075	3.5926159242658304e-09	5.360963394793515e-10
696.8815	2.3814563711493703e-09	3.7944844484824655e-10
697.6899	2.77449535504373e-09	4.139963244995705e-10
698.4644	3.04109089234295e-09	4.6370618333087847e-10
699.2432	3.3202667377849903e-09	5.06269933039615e-10
699.9505	3.5335115444926805e-09	5.272317216105356e-10
700.7902	2.7860899344207602e-09	4.157049163280275e-10
701.5504	3.4505950969302804e-09	5.26125249169597e-10
702.2898	3.0909338094760303e-09	4.712812026453515e-10
703.0474	2.97655508097378e-09	4.4410948495432754e-10
703.9061	2.57112550899565e-09	3.83623547490672e-10
704.7704	3.47620541759132e-09	5.300371981168529e-10
705.3598	4.52199709631926e-09	6.747272388443575e-10
705.957	3.27129933461067e-09	4.881178358037765e-10
706.7963	2.4345335805471904e-09	3.71226072945572e-10
707.779	2.2040081024308803e-09	3.2888103768111153e-10
708.6269	3.861772318058791e-09	5.762566785353575e-10
709.2031	3.827731916509121e-09	5.836813311015044e-10
709.8978	3.06463323715324e-09	4.5729972628251105e-10
710.6118	3.5581006413863803e-09	5.309303541225185e-10
711.3445	2.85537243965037e-09	4.26067296196476e-10
712.1951	3.0732642574076604e-09	4.585759500770675e-10
712.8674	3.66251304560343e-09	5.464961053915485e-10
713.7474	2.5545040484275403e-09	3.8116672484665305e-10
714.6615	2.61820935490031e-09	3.9923196846558406e-10
715.4311	3.0180455816390204e-09	4.50341232835356e-10
716.3134	2.65761422950428e-09	3.96562753081417e-10
717.2679	2.35172858068021e-09	3.665338018872765e-10
718.0524	4.151818883011541e-09	6.195355643445321e-10
718.6937	3.4443339514659504e-09	5.252272875396545e-10
719.5274	2.6116342742793203e-09	4.070611842927435e-10
720.572	2.05589389425269e-09	3.068051012467345e-10
721.5071	2.9293348658923504e-09	4.371638912684995e-10
722.2908	3.53485641413124e-09	5.27545988706477e-10
723.1275	2.8384361644014403e-09	4.236213325611345e-10
723.9272	3.5428290475886e-09	5.287342184164356e-10
724.6152	3.0460138380705e-09	4.645274144943955e-10
725.3645	3.53060569142922e-09	5.2687265187959e-10
726.043	3.3840221026776303e-09	5.160417853718086e-10
726.9127	2.5723297084317103e-09	3.9224908846609803e-10
727.8975	2.35255341118681e-09	3.510332814937565e-10
728.7007	2.4005138639119702e-09	3.58184689765683e-10
729.5125	3.1360096246372504e-09	4.781779024832814e-10
730.295	2.9932805663397904e-09	4.4663319772123696e-10
731.1093	3.2942715852491302e-09	4.91545362029704e-10
731.9605	2.9147757750560502e-09	4.3492023515394306e-10
732.7992	2.63216900391186e-09	3.92752285863554e-10
733.632	3.5274839076482703e-09	5.263468364656844e-10
734.4478	3.1429690151397404e-09	4.68976837873751e-10
735.2071	3.2207842884556803e-09	4.805915239937085e-10
735.9869	3.2371110445883104e-09	4.830326271125206e-10
736.7679	2.54692729334178e-09	3.883714559807385e-10
737.5746	3.3894460251744504e-09	5.28272441583959e-10
738.1843	3.70160439611617e-09	5.523568943781526e-10
738.8774	3.3101455202008904e-09	5.0476175904314e-10
739.6979	3.4416789774661903e-09	5.135744653478835e-10
740.784	1.8509437259955302e-09	2.884895760874695e-10
741.847	2.38210908905163e-09	3.554666779180585e-10
742.6761	3.1080748766701102e-09	4.739558045103345e-10
743.4812	2.7396633753022e-09	4.088228563704315e-10
744.3347	3.0302153158073604e-09	4.521732862293855e-10
744.957	3.9907779926795404e-09	5.955025506121921e-10
745.7004	2.8932542498873502e-09	4.411795554145705e-10
746.4103	2.9882592885526702e-09	4.556600073228775e-10
747.2152	2.99592484949846e-09	4.4703298353647246e-10
748.0868	3.2925030544540203e-09	4.912791210089779e-10
748.8175	2.9716572104048303e-09	4.5311837321512103e-10
749.6386	2.6628277345815603e-09	3.9733062917810996e-10
750.4067	2.9859793404465204e-09	4.4555427112591056e-10
751.31	2.09614020446128e-09	3.19630131085023e-10
752.2106	2.7032478330632e-09	4.12210354073959e-10
753.1	2.48481391205265e-09	3.70786277095805e-10
754.1311	2.4813544785576803e-09	3.7026458558186503e-10
755.0021	2.5624478971202403e-09	3.823582993286785e-10
755.9022	2.8964741279157402e-09	4.3663244961295203e-10
756.6516	2.27739498546549e-09	3.3981219667046803e-10
757.6705	2.5667903297037502e-09	3.913736469194525e-10
758.5038	3.02777703882671e-09	4.718660808009355e-10
759.317	2.6126922484167803e-09	3.983792573782115e-10
760.0692	3.06846726971243e-09	4.782271990752065e-10
760.8373	3.6499519545049303e-09	5.4463515668392e-10
761.5286	3.2015615678184203e-09	4.88198190311783e-10
762.3287	3.3793405958780703e-09	5.04277793581581e-10
763.0395	2.96838473674932e-09	4.42962018308085e-10
763.9309	2.7875519318882404e-09	4.159822115137775e-10
764.8306	2.48821788877744e-09	3.71314844695313e-10
765.7528	2.76016124281764e-09	4.1189901673393853e-10
766.5615	2.42681033840811e-09	3.700843285640375e-10
767.3615	2.67516362540398e-09	3.9921856668937703e-10
768.2499	2.3040133598886e-09	3.4383259341932503e-10
769.1058	2.5382800105048903e-09	3.78791849808149e-10
769.91	2.6333050625133203e-09	3.929711820164795e-10
770.879	2.1005659277502203e-09	3.203324093156665e-10
771.7575	2.70876232488492e-09	4.22208837817865e-10
772.6452	2.8592111492812e-09	4.360213863693835e-10
773.525	3.03619240452556e-09	4.53093176856849e-10
774.2985	3.4349376991886204e-09	5.126126664282935e-10
775.0681	3.6281779125633804e-09	5.4146468163773e-10
775.8455	2.99267354651145e-09	4.466364509227945e-10
776.5978	2.9901192204193403e-09	4.4626721125109453e-10
777.3186	3.3268548952229102e-09	5.074076497405696e-10
778.1284	2.47257375226884e-09	3.9405367845874906e-10
779.0197	3.0604164388206203e-09	4.567810312193615e-10
779.7967	3.0423739512208e-09	4.5407938208555505e-10
780.5754	2.99667430140655e-09	4.47250756857671e-10
781.3433	3.44232852749012e-09	5.137544514114025e-10
782.1007	3.34557121512863e-09	4.993063484439975e-10
782.9627	2.74845629267549e-09	4.101821051746605e-10
783.7701	3.1618591951215e-09	4.822073596927636e-10
784.6588	2.3827470425168603e-09	3.55602569211594e-10
785.6185	2.3126921112458e-09	3.60498403532583e-10
786.4088	3.3139584603674503e-09	4.945794924012305e-10
787.2009	2.2939687757659102e-09	3.49850669389584e-10
788.0043	3.5135310647981403e-09	5.24366429424049e-10
788.7975	2.2531386840020903e-09	3.3626012975703353e-10
789.852	2.03838145314801e-09	3.042050091142435e-10
790.7568	2.9385360785229503e-09	4.4813820005335606e-10
791.687	2.07940075812297e-09	3.171126746909925e-10
792.6301	2.2746949556635903e-09	3.394585030850475e-10
793.508	3.3162664158448604e-09	4.89490499499163e-10
794.254	3.3738902939622804e-09	5.25874102461977e-10
795.0966	2.64488424969325e-09	3.94683717448973e-10
795.9289	3.4275572379286903e-09	5.11469215879589e-10
796.7138	2.7017935224525603e-09	4.03162537999298e-10
797.6215	2.5211941021868204e-09	3.762068738492345e-10
798.5789	3.1461489659295705e-09	4.694577345838236e-10
799.531	2.45323413686033e-09	3.66070595558086e-10
800.4614	2.54988190227811e-09	3.9742640260184154e-10
801.3127	2.9789938505629202e-09	4.44541388991027e-10
802.1032	2.5749415576590103e-09	3.842533918949915e-10
803.0002	3.3311389924813503e-09	4.97108734309783e-10
803.7743	3.0822844643284602e-09	4.59972395303805e-10
804.705	2.32126069097266e-09	3.46400797350994e-10
805.5386	2.92107137837565e-09	4.454514808488185e-10
806.4507	2.77456393654233e-09	4.23105803196296e-10
807.2922	3.46661175439023e-09	5.173075154153185e-10
808.1933	2.9076958616577204e-09	4.33898879076785e-10
809.1053	2.7048640827564802e-09	4.0362705962749603e-10
810.0459	2.8083464274429103e-09	4.19064372200558e-10
811.002	2.12332616621569e-09	3.23779603867629e-10
812.0854	2.6050813091325e-09	3.9723642426481703e-10
812.9415	3.12762349288723e-09	4.874531324054969e-10
813.7744	2.737131912328e-09	4.173720919157565e-10
814.6892	2.18443172820447e-09	3.3310151183155605e-10
815.5712	2.7755634590250804e-09	4.1418275804519303e-10
816.399	2.1188232144387702e-09	3.2311182093843803e-10
817.2924	3.1541938802422404e-09	4.70708116409271e-10
818.1389	2.63266656081086e-09	4.014898939477615e-10
819.0612	2.41676918490242e-09	3.76711363355131e-10
819.9697	2.3032501892675503e-09	3.51254938968738e-10
820.8026	2.6401797181924402e-09	4.026383075439535e-10
821.6311	2.7061780911044104e-09	4.03861417413802e-10
822.3951	2.82652739782048e-09	4.218223343655055e-10
823.3156	2.77541847822263e-09	4.2326127044195853e-10
824.1888	2.8423544218372302e-09	4.3345910077383997e-10
825.118	2.4110084440920704e-09	3.6766755987554946e-10
826.071	2.4697641935185503e-09	3.685460021595625e-10
827.1292	2.8454878262006903e-09	4.245989224121505e-10
827.8959	3.4484315689444303e-09	5.145574703542185e-10
828.821	2.45399850935677e-09	3.74193119253673e-10
829.9256	2.6981326955901303e-09	4.29908086552886e-10
831.046	2.2639993095991202e-09	3.413110268663175e-10
832.1836	2.49486896447964e-09	3.723010195542855e-10
832.9627	2.43838116949517e-09	3.800637371657665e-10
833.9676	2.4872614810534202e-09	3.711776920821045e-10
834.7721	2.6530574238824e-09	4.04591619058488e-10
835.809	2.3135574533308702e-09	3.52821040670494e-10
836.7668	3.0845095710870904e-09	4.603177638786575e-10
837.696	2.4748525386478804e-09	3.77425154565267e-10
838.867	2.1364279146651103e-09	3.1882988914619353e-10
839.8447	2.5437471432659904e-09	3.8791933825338404e-10
840.6629	2.84553154956443e-09	4.24634860210203e-10
841.683	2.19957975532771e-09	3.28232512895334e-10
842.911	1.99708141627507e-09	3.0453205094044647e-10
844.108	1.8477393510748501e-09	2.75714640815854e-10
845.14	2.18565413287192e-09	3.26131372855228e-10
846.257	2.40504486730076e-09	3.58860495063131e-10
847.227	2.3412568196567504e-09	3.4933667999302e-10
848.1083	2.9108147811966603e-09	4.34313966617514e-10
849.09	2.0000316435291603e-09	3.0495650013493e-10
850.1229	2.4996807949946503e-09	3.729759456175065e-10
850.9982	2.54048220417964e-09	3.79067960712821e-10
851.7452	3.0908659673751803e-09	4.6119493042557303e-10
852.6002	2.4260716659562e-09	3.6993146058894e-10
853.5099	3.0617715661110302e-09	4.668674917628545e-10
854.464	2.4285714240409404e-09	3.703155813388075e-10
855.4177	2.9940934136933305e-09	4.4676398444106257e-10
856.362	2.34779246568189e-09	3.6591174338210653e-10
857.3232	2.7915068427171e-09	4.1653544418035404e-10
858.1935	2.65098583068396e-09	3.955673917265485e-10
859.0022	2.8993460516110102e-09	4.32623489562796e-10
860.06	2.0101195723027803e-09	2.999348553283375e-10
861.0978	3.7037553109710604e-09	5.52640670172812e-10
861.7991	3.0986879860416704e-09	4.623542436569435e-10
862.7192	2.79768125135306e-09	4.3601008084293703e-10
863.618	2.9967068350798405e-09	4.51726519856122e-10
864.4021	2.5292030808450303e-09	3.85644311925437e-10
865.4281	2.5859737342267103e-09	3.858520080764525e-10
866.476	2.23600035536165e-09	3.409419776464725e-10
867.4328	2.4810236585561603e-09	3.7019718798497305e-10
868.2143	2.7063544555067e-09	4.12664968976359e-10
869.138	2.3543668107421e-09	3.6692900240961154e-10
870.0615	2.4536211344810904e-09	3.74126916966067e-10
870.8962	2.6594460198371703e-09	4.144739709852715e-10
871.813	2.2430570934958e-09	3.4957918591311996e-10
873.179	1.58579972615226e-09	2.4714622104975303e-10
874.329	2.3944916678077603e-09	3.5729214623191104e-10
875.3038	2.46736381912623e-09	3.68174802156522e-10
876.1768	2.52392278138978e-09	3.8487019990594553e-10
877.188	2.14869625485246e-09	3.20639246488231e-10
878.197	1.89174185649751e-09	2.8848366012853703e-10
879.355	2.11763171536557e-09	3.1601635017327354e-10
880.3638	2.30625715154627e-09	3.51704753768439e-10
881.299	2.0696980744661e-09	3.0886981670019953e-10
882.3485	2.3199352845310102e-09	3.46217990204714e-10
883.326	2.2843244298090304e-09	3.4090549939701297e-10
884.284	2.52997854264497e-09	3.77560028423317e-10
885.1846	3.1374375311951104e-09	4.682069549717226e-10
885.9316	2.8871313792291e-09	4.3084648549810653e-10
886.923	2.1940156000452e-09	3.345762134129255e-10
888.0037	2.8100278169385e-09	4.28506733714159e-10
889.12	2.1097445010988602e-09	3.28835488645442e-10
890.1783	2.7842127771060902e-09	4.245897806616165e-10
891.0606	2.6247376986895903e-09	4.0027960528283496e-10
892.122	1.5866485939689102e-09	2.528406608193205e-10
893.3265	2.33856165906144e-09	3.49015618295404e-10
894.0306	3.06148716140424e-09	4.669023923990185e-10
894.7646	3.0588992293101404e-09	4.5650254526441954e-10
895.65	1.9550969133031904e-09	2.981540209163385e-10
896.7056	2.3581104751521503e-09	3.51896877959522e-10
897.617	2.2407562228954603e-09	3.34374601840032e-10
898.6142	2.7909206170326103e-09	4.1646451526631253e-10
899.4589	3.5297793476584804e-09	5.267173708111756e-10
900.303	2.39833924281879e-09	3.6571938962252453e-10
901.382	2.0566824857692802e-09	3.136201149719655e-10
902.3734	2.80511986546304e-09	4.185812201204955e-10
903.0849	3.17180655710765e-09	4.781606288907765e-10
903.952	2.28539433970921e-09	3.484997057303495e-10
904.965	2.4393209496231403e-09	3.640080555080035e-10
906.07	2.13768846470546e-09	3.19004211055983e-10
907.277	1.927552737721e-09	2.939511380411875e-10
908.1741	3.1396288266343504e-09	4.787994241080979e-10
909.063	2.54192942028942e-09	3.7933737727813755e-10
910.052	2.3861409373284e-09	3.63877092853074e-10
911.157	2.1087653083760703e-09	3.179120322875235e-10
912.568	1.63919065651735e-09	2.44599178947698e-10
913.5954	2.7821516689047204e-09	4.2424274065675554e-10
914.5128	2.5726532193205403e-09	3.8390935241904097e-10
915.497	2.6462132077903104e-09	3.9490820393154497e-10
916.634	2.3284552831478202e-09	3.5511948626195e-10
917.5648	2.83658411425819e-09	4.2337073516521405e-10
918.506	1.94409029016076e-09	2.9017439574516553e-10
919.6568	2.3732531583159503e-09	3.54222069677743e-10
920.845	1.6054173102225402e-09	2.558493323160835e-10
921.8509	2.4966941042607503e-09	3.807852209771535e-10
922.852	1.9395104063587903e-09	2.9579972232280603e-10
923.982	2.04834137478529e-09	3.0569625817346855e-10
925.116	2.0825487415126203e-09	3.17595897478003e-10
926.0087	2.6264902901916304e-09	4.005404274365665e-10
926.8719	2.42438452008105e-09	3.7788121313379356e-10
927.874	2.0622173945001703e-09	3.1447380931701203e-10
928.8211	2.5426053939781404e-09	3.79416300331914e-10
929.812	2.37662545990934e-09	3.54646537552355e-10
930.8812	2.9393172179415103e-09	4.581218235270815e-10
931.7543	2.8712538320547703e-09	4.28452075924969e-10
932.712	2.7725559744862e-09	4.137222300141975e-10
933.716	2.45352739929405e-09	3.661163898460815e-10
934.6442	3.0108705270926703e-09	4.492855871731655e-10
935.674	2.2055377680991203e-09	3.29114664665681e-10
936.845	1.98791064445029e-09	2.96641704320502e-10
937.903	2.3844901437308e-09	3.5582236271546953e-10
938.956	2.3591346454379903e-09	3.52045360386773e-10
940.183	1.9682923810828703e-09	2.9373132102230897e-10
941.0616	3.2070547327798502e-09	4.835203218285775e-10
941.941	2.13862877992425e-09	3.191659654852775e-10
942.998	2.05133967109694e-09	3.12850058782708e-10
944.14	2.18260370360114e-09	3.257431001851435e-10
945.334	1.9649653761499104e-09	2.9326444645342047e-10
946.3214	3.1663071497453602e-09	4.725647806598525e-10
947.157	2.2931585648621703e-09	3.736808604015955e-10
948.34	1.6189119163004401e-09	2.4690885941402403e-10
949.6958	2.3533800776054903e-09	3.58899575182301e-10
950.738	1.9986755597231204e-09	2.9825552327118547e-10
951.867	2.1481965816008904e-09	3.20547068407369e-10
953.006	2.1585550098009203e-09	3.291264676197925e-10
954.118	2.1898228596886303e-09	3.33902011612969e-10
955.1084	2.5511127670628e-09	3.80668985283212e-10
956.0253	2.73246488777985e-09	4.1667496126626353e-10
956.955	1.6981808394623901e-09	2.53417912080058e-10
958.248	2.11389981135971e-09	3.223815237522925e-10
959.26	2.17456942102294e-09	3.24541038311839e-10
960.526	1.54621189186205e-09	2.307735120785805e-10
961.914	1.6424679171840601e-09	2.5051847166421955e-10
963.0623	2.40548144386748e-09	3.59055553533492e-10
964.243	1.89990651400348e-09	2.8979568124658203e-10
965.507	1.9308771853654703e-09	2.945147539072205e-10
966.706	1.7079677264835802e-09	2.6626531951380246e-10
967.7143	2.48675516360204e-09	3.7116681373870347e-10
968.5939	2.4429528486383703e-09	3.646212250209985e-10
969.447	2.19338805772296e-09	3.2735765330886604e-10
970.5131	2.47137621323399e-09	3.688287344092005e-10
971.485	2.20747474881483e-09	3.2942970915066854e-10
972.676	1.6693578075060801e-09	2.545666995291685e-10
974.094	1.6619870232137802e-09	2.480037307854465e-10
975.2224	2.3464460749222602e-09	3.613766312736575e-10
976.1399	2.61331341112858e-09	3.8995369318679e-10
977.094	2.43184551119552e-09	3.79015127886573e-10
978.0551	3.12901137408395e-09	4.668964073005521e-10
978.7363	3.32932628632871e-09	4.967907515794211e-10
979.677	2.13197601210625e-09	3.322848419053345e-10
980.6249	2.41088540416996e-09	3.597581184404245e-10
981.855	1.8292902944499701e-09	2.729783977473395e-10
982.9053	2.350017666835e-09	3.583715219844145e-10
983.87	2.1763527743694703e-09	3.24781813800165e-10
985.03	1.7535240335077201e-09	2.67415345732853e-10
986.299	1.6687581278638202e-09	2.4903964117736706e-10
987.3909	2.1632008958160402e-09	3.37191184286472e-10
988.3804	2.5121747322154203e-09	3.749185735918255e-10
989.389	1.8069144317000202e-09	2.8794685327759353e-10
990.655	1.5886709086659802e-09	2.371042231833985e-10
991.834	2.01182417696496e-09	2.96991408614603e-10
992.958	1.8319125313014302e-09	2.8557713629571403e-10
994.055	1.77190076484536e-09	2.7024341944522e-10
995.192	1.98480099759112e-09	3.093893624953675e-10
996.3377	2.3688653670107e-09	3.53517490076022e-10
997.1937	2.92577852006667e-09	4.4617440248593704e-10
998.116	1.87728231935969e-09	2.801376240747715e-10
999.1881	2.14840651639845e-09	3.2761279152660503e-10
1000.22	2.04760973275374e-09	3.0554977176748547e-10
1001.211	2.02029565116194e-09	3.14883412371795e-10
1002.291	2.14937857349371e-09	3.207329573704805e-10
1003.445	2.1830193864369e-09	3.25750715251769e-10
1004.476	2.23297990980651e-09	3.4049940653069354e-10
1005.722	1.7258704266938102e-09	2.63169197581029e-10
1007.0212	2.3800452743512704e-09	3.6291652485307603e-10
1007.9296	2.3917428086843103e-09	3.646974282471865e-10
1008.944	2.38689720502564e-09	3.5616029937333203e-10
1009.995	2.12931976511463e-09	3.318652483853945e-10
1011.055	1.68290443707104e-09	2.566203747878705e-10
1012.398	1.5811107984220601e-09	2.4643099031481203e-10
1013.943	1.7646715661659602e-09	2.63329797660306e-10
1015.209	1.81516742839372e-09	2.708652925818285e-10
1016.2518	2.4024940791012803e-09	3.74456301101661e-10
1017.2518	2.4977797424485e-09	3.80889720316027e-10
1018.258	2.1483178476397903e-09	3.20581698810406e-10
1019.406	2.67343880381256e-09	3.9895464806590747e-10
1020.42	2.1156511629028303e-09	3.157266791996725e-10
1021.4878	2.8438267835818503e-09	4.33701212499435e-10
1022.508	1.8526621854739102e-09	2.8255132028360054e-10
1023.729	2.24438620826075e-09	3.498601761883225e-10
1024.92	2.0332467487759902e-09	3.10084526291887e-10
1025.8512	2.6013675084552704e-09	4.054825121405615e-10
1026.817	2.23046112668348e-09	3.3285427625132146e-10
1028.144	1.87991809810937e-09	2.80533046159435e-10
1029.41	2.33227130722385e-09	3.556592593121365e-10
1030.521	1.7576697508538701e-09	2.6229613671644254e-10
1031.946	1.87354395097325e-09	2.85715144090661e-10
1033.139	1.78663368174077e-09	2.724651406988725e-10
1034.421	1.85955802656933e-09	2.7750977183421254e-10
1035.666	1.7422468731721102e-09	2.60001480925181e-10
1037.056	1.6067014232407402e-09	2.397720903075175e-10
1038.324	1.6007911439461101e-09	2.388899498856335e-10
1039.6421	2.39072584939769e-09	3.645923384830635e-10
1040.659	2.0809274971530704e-09	3.1055344588185753e-10
1041.89	1.8462694230782e-09	2.755392609940285e-10
1043.322	1.6905086343745201e-09	2.5229931697838203e-10
1044.456	2.0066171667165502e-09	3.0603486104296904e-10
1045.4835	2.2694970186150404e-09	3.461289556183825e-10
1046.4786	2.3738991733724e-09	3.542973047121005e-10
1047.3988	2.30120267609975e-09	3.434488421919555e-10
1048.507	1.90637255696007e-09	2.90751505256873e-10
1049.605	2.0001966902314e-09	2.9852809183806653e-10
1050.804	2.16938985818787e-09	3.2378239206768103e-10
1052.11	2.1304678137543502e-09	3.17975937819146e-10
1052.972	2.2935128735893704e-09	3.49805302529142e-10
1054.124	1.95171891436999e-09	2.91293881457073e-10
1055.737	1.3281493888533802e-09	1.98219916628619e-10
1057.059	2.11860713318117e-09	3.1618314431943404e-10
1058.245	1.5759715380162601e-09	2.3519414124962354e-10
1059.749	1.5951687820298902e-09	2.38050762916538e-10
1060.827	1.8345067358016602e-09	2.737613833300625e-10
1061.947	1.96685210308574e-09	2.99931093901417e-10
1063.113	1.8005105057983e-09	2.686764631068035e-10
1064.185	1.9886906903262103e-09	3.03263070837957e-10
1065.312	1.6425784931842901e-09	2.451254933827445e-10
1066.674	1.92476619198692e-09	2.872524329914475e-10
1067.742	2.14360170196162e-09	3.19925345926662e-10
1069.018	1.7472400771593201e-09	2.60766300703732e-10
1070.288	1.99753369780145e-09	2.98105747859282e-10
1071.482	1.9384651508375703e-09	2.9561058515819053e-10
1072.633	2.0094151618003903e-09	3.0641726244642053e-10
1073.793	1.4583396605083501e-09	2.17614033648397e-10
1075.106	2.30283059784261e-09	3.43633052647161e-10
1076.187	2.06008577975976e-09	3.21087715929225e-10
1077.413	1.58762673564666e-09	2.421011584213965e-10
1079.028	1.7541519373929e-09	2.58908532319901e-10
1080.464	1.5056272098569202e-09	2.246749938445015e-10
1081.833	2.4569417009382202e-09	3.746585036861295e-10
1082.928	2.32482848042976e-09	3.62345436660049e-10
1083.9287	2.5109754162003304e-09	3.74696802855006e-10
1085.029	2.3019404070336203e-09	3.510373677659895e-10
1086.062	2.08379552504822e-09	3.10972349431544e-10
1087.364	1.8335256847664301e-09	2.736356897418935e-10
1088.845	1.54072073435981e-09	2.349783561782985e-10
1089.9622	2.6362673479482302e-09	3.934492932008495e-10
1090.8839	2.4216262414426603e-09	3.6141513165916797e-10
1091.95	1.8590813060869702e-09	2.774581827320765e-10
1093.423	1.63448159191718e-09	2.49280580159043e-10
1094.614	1.98609677713394e-09	3.029185981914645e-10
1095.5917	2.8474750527414704e-09	4.2500916406580255e-10
1096.651	1.8630080761990103e-09	2.780821607667065e-10
1097.972	1.7822121170760101e-09	2.6603550501097553e-10
1099.156	1.96201675079298e-09	2.9286656760147103e-10
1100.269	2.09342435152105e-09	3.124640458770585e-10
1101.439	1.87708702056874e-09	2.862905838373875e-10
1102.8	1.7016951133796602e-09	2.5396412068918597e-10
1104.046	1.7614542919056602e-09	2.62881015535871e-10
1105.187	1.9538695244656e-09	2.9798668815179247e-10
1106.384	1.8364884218082802e-09	2.740898306434675e-10
1107.567	1.7820122419037502e-09	2.65965020736319e-10
1108.891	1.7093900152406e-09	2.551260165705595e-10
1110.079	1.8560062293783101e-09	2.77001644300355e-10
1111.2321	2.36148996798722e-09	3.60150900895489e-10
1112.363	1.8734169548762303e-09	2.85708770157005e-10
1113.827	1.4349041497866302e-09	2.1414084508088098e-10
1114.9974	2.9367579108086e-09	4.382733664047185e-10
1116.052	1.9952484309488402e-09	3.1794799569721305e-10
1117.313	2.03672882768007e-09	3.106109178045635e-10
1118.577	2.12657262581347e-09	3.3147925219815105e-10
1119.772	1.82103332650863e-09	2.77715777705873e-10
1120.9444	2.4581135066143403e-09	3.668409271006795e-10
1122.122	1.79585378255284e-09	2.7992674502983254e-10
1123.1203	2.2657678938208e-09	3.4553741019735203e-10
1124.245	1.9475034310621404e-09	2.90631416303943e-10
1125.3012	3.0448791125706303e-09	4.64334641223473e-10
1126.276	2.4863355728169204e-09	3.79150520602399e-10
1127.397	2.2021631519712603e-09	3.28612622963688e-10
1128.556	2.4201019121543902e-09	3.61130632439751e-10
1129.784	1.5387358584596402e-09	2.346476802716155e-10
1131.164	2.1953221651928603e-09	3.347856795793315e-10
1132.315	1.63291855004566e-09	2.545305781598025e-10
1133.671	2.3050876039349602e-09	3.51548477568971e-10
1134.847	2.20081813163088e-09	3.356529065994595e-10
1135.7497	3.1738122025042203e-09	4.736849075319289e-10
1136.761	1.98207984479215e-09	2.95826722908709e-10
1138.051	1.47932325039945e-09	2.3061253207109352e-10
1139.374	1.9356656184833103e-09	2.88898693560555e-10
1140.549	1.9679178650497502e-09	2.93702392756546e-10
1141.762	2.0139538727928e-09	3.00563342028468e-10
1142.968	1.8220882355448702e-09	2.7192118117576405e-10
1144.13	2.0510345365853704e-09	3.196976319439865e-10
1145.377	1.8180483121552402e-09	2.713122163592465e-10
1146.652	1.7190276205407e-09	2.6214977096160354e-10
1147.97	2.4150084628950102e-09	3.60391862593173e-10
1148.9935	2.8713654286344202e-09	4.2848868171044505e-10
1150.0402	2.3869979856258e-09	3.8034896057053403e-10
1151.015	1.95422469376152e-09	2.91616906250681e-10
1152.0741	2.5001286648043402e-09	3.8966921914365703e-10
1153.236	1.7527805477814902e-09	2.6154903820429403e-10
1154.355	1.99932781689224e-09	3.0487186438213603e-10
1155.7	1.61160810520595e-09	2.45750026683515e-10
1157.143	1.7061583303281302e-09	2.545930014918505e-10
1158.418	1.8043988294210402e-09	2.69254599339453e-10
1159.664	1.88383882499765e-09	2.872753751588915e-10
1161.052	1.44692053728191e-09	2.159289310119015e-10
1162.561	2.4249523403531102e-09	3.61902768550709e-10
1163.634	1.7311601494532401e-09	2.58365572577449e-10
1165.131	1.70302942174439e-09	2.597287242606615e-10
1166.385	2.01062454647801e-09	3.000679449360465e-10
1167.565	2.0650331060501103e-09	3.081852481448295e-10
1168.606	2.1422081598303e-09	3.2669739107208354e-10
1169.713	2.1446382095562203e-09	3.1656019449870097e-10
1170.976	1.54798311191193e-09	2.310018121843025e-10
1172.302	1.8420421246965e-09	2.808930283361525e-10
1173.527	1.83188025589793e-09	2.73351744306832e-10
1174.75	2.14331842208691e-09	3.19827719892524e-10
1175.914	1.5867557547068e-09	2.367796420747895e-10
1177.324	1.7376810805505201e-09	2.59304990800679e-10
1178.498	1.83484836974574e-09	2.798076243440725e-10
1179.888	1.7040678523092401e-09	2.54316847867039e-10
1181.034	2.2878276730895e-09	3.414649557568435e-10
1182.186	1.9447555073091602e-09	2.902828929695895e-10
1183.55	1.5010623311058402e-09	2.289714247851575e-10
1184.6618	2.3291550744833e-09	3.47668526899388e-10
1185.806	1.7803459540531802e-09	2.657376743336575e-10
1187.008	1.6131568175811501e-09	2.57088348192021e-10
1188.407	1.7430415751612602e-09	2.60151169673216e-10
1189.61	2.10238162045979e-09	3.20668318333003e-10
1190.649	2.07035102409391e-09	3.09035354747075e-10
1191.956	1.50443320156186e-09	2.3456076069134147e-10
1193.26	2.0075459399065603e-09	2.99694906879091e-10
1194.693	1.7803095509545202e-09	2.775591418801175e-10
1195.766	2.37430584063024e-09	3.50515488392414e-10
1197.045	1.86614475337953e-09	2.754684112457245e-10
1198.333	1.66802756549248e-09	2.5437137422634505e-10
1199.6052	2.3602337861002603e-09	3.52226729318125e-10
1200.778	1.7082410812722101e-09	2.605172542555075e-10
1202.309	1.6691728701849401e-09	2.545703914531095e-10
1203.718	1.9645749669379403e-09	3.2013298903542447e-10
1204.94	1.88961392112512e-09	2.8200376018499197e-10
1206.414	1.47330126194985e-09	2.198597058979385e-10
1208.115	1.33745406260576e-09	1.99576484725053e-10
1209.612	1.8549579473376e-09	2.828722844873295e-10
1210.934	1.8664088177691403e-09	2.785364463418415e-10
1212.564	1.34185966354677e-09	2.002710022524025e-10
1214.1	1.6232285464092e-09	2.42266048514401e-10
1215.2834	2.3454495063259604e-09	3.5004349143374e-10
1216.484	1.36644898556517e-09	2.08390720221165e-10
1217.699	1.8971319477201404e-09	2.8931165832053297e-10
1218.888	1.6731432690878702e-09	2.496864957375465e-10
1220.183	1.7013464951977401e-09	2.711154511510125e-10
1221.34	1.38058724120265e-09	2.152069064897075e-10
1222.859	1.4588597234812101e-09	2.177357845912345e-10
1224.277	1.7164699040070802e-09	2.56176174902618e-10
1225.579	1.6925689730153602e-09	2.581244080121595e-10
1226.904	2.01418523572374e-09	3.0057474293530903e-10
1228.083	2.0572336585222903e-09	3.1370726497865653e-10
1229.265	1.83382853022542e-09	2.73654602661304e-10
1230.64	1.6486702912753302e-09	2.62713935651078e-10
1231.905	1.6183420275363e-09	2.41522885328117e-10
1233.133	2.00421506507839e-09	3.05672540044043e-10
1234.355	2.12762316956613e-09	3.2449840397098954e-10
1235.685	1.59232246094886e-09	2.37655349170304e-10
1237.071	1.5646785628366401e-09	2.386429498487105e-10
1238.451	1.76644844465179e-09	2.75370095418066e-10
1239.79	1.4560545555372e-09	2.220749292131235e-10
1241.425	1.56883070886241e-09	2.5001538429718656e-10
1242.895	1.7676632518919702e-09	2.6959541834822397e-10
1244.316	1.79129217795182e-09	2.67337243133445e-10
1245.844	1.3490106585568202e-09	1.991248421739195e-10
1247.38	1.44470419073954e-09	2.15591449028751e-10
1249.01	1.4553509124766502e-09	2.219318359770575e-10
1250.433	1.5108063195101701e-09	2.303913115980005e-10
1251.699	1.8310240890448802e-09	2.732433546296625e-10
1252.867	1.6985267264940202e-09	2.5347360326559146e-10
1254.18	1.7032533386592501e-09	2.597511389025905e-10
1255.737	1.236405492418e-09	1.8856309077725052e-10
1257.261	1.58085024878241e-09	2.35939209201791e-10
1258.681	1.5901549559710701e-09	2.39772380485998e-10
1260.09	1.16452738428996e-09	1.77615290495897e-10
1261.848	1.7265161992766202e-09	2.6333359013680505e-10
1262.995	1.64846575972757e-09	2.46045024952482e-10
1264.582	1.7070604003202602e-09	2.5478649437041547e-10
1266.329	1.41512589585497e-09	2.1120851568097152e-10
1267.956	1.5229384976377102e-09	2.272939614638235e-10
1269.145	1.8737409321235e-09	2.92077886709888e-10
1270.782	1.42812557734038e-09	2.13126566468986e-10
1272.472	1.40564129089757e-09	2.0976151174703052e-10
1274.042	1.7560563397569601e-09	2.67779405876389e-10
1275.251	1.5066683189755e-09	2.2974234609387453e-10
1276.964	1.4606593871624e-09	2.17942263879105e-10
1278.488	1.3714736553730602e-09	2.09113108897457e-10
1280.014	1.7515022551196101e-09	2.61344943095922e-10
1281.404	1.54992105170525e-09	2.312786394076405e-10
1282.99	1.53673976913719e-09	2.293257941163225e-10
1284.595	1.38085523912926e-09	2.105836223808495e-10
1285.888	1.56422909035273e-09	2.33444458973678e-10
1287.526	1.3607875498822602e-09	2.030910302789815e-10
1289.085	1.52988580471245e-09	2.2832749550400752e-10
1290.35	1.8512983990861802e-09	2.823362909797855e-10
1291.804	1.4378689291351501e-09	2.14579782036481e-10
1293.6	1.2435270485751901e-09	1.896351923288185e-10
1295.268	1.6321023704337e-09	2.4356109506883854e-10
1296.648	1.8366262327986803e-09	2.9266364129729246e-10
1297.873	1.4957560037245101e-09	2.23217838134557e-10
1299.384	1.47811220121935e-09	2.20584791976364e-10
1300.959	1.447741815045e-09	2.160515991336575e-10
1302.454	1.5919823758215302e-09	2.37576185997595e-10
1303.755	2.08985359409259e-09	3.11876111121927e-10
1305.088	1.8099128252176702e-09	2.701036185169745e-10
1306.456	2.0171470394271702e-09	3.01035311565285e-10
1307.793	1.50222873340021e-09	2.241932797034305e-10
1309.298	1.5584598107659601e-09	2.53947470968565e-10
1310.619	1.7681051147768201e-09	2.638744926881595e-10
1312.091	1.8112825066451302e-09	2.76236441028107e-10
1313.232	1.9736019127207103e-09	3.009916973138835e-10
1314.715	1.35004209284948e-09	2.01483222669952e-10
1316.656	1.4982394746695902e-09	2.236019676591605e-10
1318.069	1.7525348867841201e-09	2.67280261638537e-10
1319.524	1.7825025033376402e-09	2.6602114276181854e-10
1321.069	1.3332434488318102e-09	1.9896797925174e-10
1322.953	1.50869719152871e-09	2.2514464915531552e-10
1324.325	1.61760660768507e-09	2.46685588989261e-10
1325.862	1.43416225071943e-09	2.187157815892715e-10
1327.162	1.6483217139417902e-09	2.459959629982275e-10
1328.432	1.6764091186386801e-09	2.501935961303805e-10
1329.861	1.2354592279794402e-09	1.884265812991025e-10
1331.406	1.88796626553918e-09	2.81784689764313e-10
1332.515	1.56026167390906e-09	2.328796374345115e-10
1334.099	1.17970560812145e-09	1.76083809004696e-10
1336.034	1.2468848290600601e-09	1.86115681761465e-10
1337.698	1.7065201978469401e-09	2.603035698738265e-10
1339.118	2.08545203958093e-09	3.1129186578505996e-10
1340.405	1.7433579171466602e-09	2.6022607283651203e-10
1341.786	1.6675240238818601e-09	2.4890459083625097e-10
1343.299	1.4686875482688502e-09	2.240192529300155e-10
1344.654	1.48071475699142e-09	2.21004518625336e-10
1346.427	1.1105793306287202e-09	1.6937588648226202e-10
1348.183	1.27456308705602e-09	1.921636274588635e-10
1349.893	1.34541219618738e-09	2.05191199872995e-10
1351.36	1.1415948666470302e-09	1.819364714009775e-10
1352.951	1.44476351196973e-09	2.156570273722785e-10
1354.672	1.3475115099321401e-09	2.0553680822268102e-10
1356.063	1.46230985619483e-09	2.2303571566488051e-10
1357.743	1.5345155647616801e-09	2.2902255337227648e-10
1359.132	1.9581860225276703e-09	2.922575407213525e-10
1360.464	1.52545620779e-09	2.2768211081007752e-10
1362.18	1.3088846357649202e-09	1.953679594517855e-10
1363.59	1.4779544813474302e-09	2.20609984202818e-10
1365.032	1.3462741362554702e-09	2.053467207844115e-10
1366.725	1.3889244226100202e-09	2.11845303988285e-10
1368.796	1.2597122739791901e-09	1.8801908537007398e-10
1370.218	1.8403200911729602e-09	2.74686903106251e-10
1371.728	1.3414179050230802e-09	2.002281482096465e-10
1373.21	1.52915712460482e-09	2.3325383326506003e-10
1374.788	1.4113682616210502e-09	2.106710425478215e-10
1376.296	1.39853019689641e-09	2.1331694047183702e-10
1377.717	1.2868583115328601e-09	1.96278650903005e-10
1379.173	1.7008816090317e-09	2.538628685934415e-10
1380.619	1.49991331659679e-09	2.287606499622045e-10
1381.981	1.36982802052853e-09	2.044389575605145e-10
1383.448	1.2231047396992101e-09	1.844104621713435e-10
1385.339	1.22423095586014e-09	1.826957120794195e-10
1387.106	1.6092172111288e-09	2.453974204372125e-10
1388.78	1.46359235053639e-09	2.1840828456401702e-10
1390.293	1.13960041092006e-09	1.73796363766681e-10
1392.175	1.8185634877650302e-09	2.7142941518425804e-10
1393.809	1.2746668269858602e-09	1.94426526522345e-10
1395.476	1.7540248273225e-09	2.618165110738745e-10
1396.84	1.3239804413405102e-09	2.0195213173120552e-10
1398.497	1.8150692872467802e-09	2.7092639959976804e-10
1400.044	1.33174620718296e-09	1.9876205717293e-10
1401.3404	2.3028997488110804e-09	3.436773498366085e-10
1402.673	1.52791922725964e-09	2.329958513669865e-10
1404.045	1.2798314660083101e-09	1.9098054370648e-10
1405.722	1.3999662632204101e-09	2.08919643305388e-10
1407.449	1.23347537899189e-09	1.8408517153218848e-10
1409.138	1.4246027102326802e-09	2.172688579041685e-10
1410.584	1.56002771684448e-09	2.328235934955485e-10
1412.069	1.30790820787668e-09	1.994679644986675e-10
1413.497	1.5792983294720401e-09	2.356907555054295e-10
1414.889	1.4833158539017e-09	2.261955867618615e-10
1416.58	1.10575878082138e-09	1.649915805435555e-10
1418.419	1.4000661785453802e-09	2.0889119684948e-10
1420.073	1.3115892719426e-09	2.04407644657436e-10
1421.646	1.4132740669233401e-09	2.108862351127895e-10
1423.305	1.5173936041980702e-09	2.2643734976703149e-10
1424.895	1.52791001800407e-09	2.2800192180277548e-10
1426.4	1.5773819894257701e-09	2.4053281664154853e-10
1427.749	1.4803547539257301e-09	2.2573280437015401e-10
1429.228	1.4947722043674901e-09	2.2793694995186352e-10
1430.485	2.05592102344176e-09	3.0680325852789154e-10
1431.862	1.27086390201917e-09	1.896609203854435e-10
1433.251	1.38316145433375e-09	2.064310223597725e-10
1434.878	1.20851839739337e-09	1.8838897886917903e-10
1436.6	1.4541054726850402e-09	2.17021877474291e-10
1437.898	1.57645035086291e-09	2.3528218852531003e-10
1439.445	1.3181721836674802e-09	1.96735897786466e-10
1441.061	1.3238237868208401e-09	1.97580936921866e-10
1442.596	1.4350916317210902e-09	2.18877968394735e-10
1444.269	1.23269100252218e-09	1.8397573572927753e-10
1445.946	1.2866520948904e-09	1.96223491322409e-10
1447.693	1.28074707175273e-09	1.911291826979215e-10
1449.292	1.2578692705203202e-09	1.8770954777978e-10
1450.965	1.33321443370986e-09	1.989494387412255e-10
1452.449	1.8307725588247402e-09	2.7917577093145855e-10
1453.703	1.4333768446324702e-09	2.185773957566285e-10
1455.272	1.41042962947941e-09	2.2474598220628752e-10
1456.836	1.3071865239231e-09	1.9508069679653352e-10
1458.361	1.33046434470976e-09	1.9856103220336402e-10
1460.055	1.2191351295328802e-09	1.8193954421322952e-10
1461.777	1.5679849939040602e-09	2.391141546140455e-10
1463.164	1.47479804469697e-09	2.200795515992605e-10
1464.843	1.37278156265244e-09	2.18756233243522e-10
1466.221	1.95338959979087e-09	2.9154028682537253e-10
1467.772	1.3261189449778402e-09	1.9793860058322e-10
1469.274	1.2078519114179e-09	1.8423532037204548e-10
1471.425	1.09013814995702e-09	1.627159264127985e-10
1473.337	1.3505242391657502e-09	2.0157907102442502e-10
1475.104	1.4497889335543802e-09	2.163970940797325e-10
1476.703	1.8424073026946401e-09	2.750026167393175e-10
1477.852	2.06112847117075e-09	3.1438500613397804e-10
1479.218	1.4706625437444902e-09	2.24319168289295e-10
1480.915	1.43438839332726e-09	2.18782647405537e-10
1482.269	1.5530812621757501e-09	2.368833185689225e-10
1484.073	1.26882104901404e-09	2.0221026614579302e-10
1485.745	1.7452983115199602e-09	2.60486141779567e-10
1487.103	1.7888991968117302e-09	2.669880821087195e-10
1488.511	1.34811048569601e-09	2.0119803291501002e-10
1490.227	1.4200612308824202e-09	2.1657457605592802e-10
1491.682	1.6443501308317801e-09	2.454074027385425e-10
1492.954	1.46009872960262e-09	2.179088449823925e-10
1494.847	1.01954369116477e-09	1.7532262030656152e-10
1496.497	1.2626954973202202e-09	1.925928242001415e-10
1498.025	1.4104100757849e-09	2.105249877811415e-10
1499.668	1.2807845825346102e-09	1.911614591996905e-10
1501.125	1.53210136762021e-09	2.44147764333424e-10
1502.495	1.24835211104492e-09	1.94575451803849e-10
1504.451	1.08287955666982e-09	1.65127209772118e-10
1506.167	1.42865176448473e-09	2.13184267248311e-10
1507.86	1.37138326481002e-09	2.1374191967747303e-10
1509.582	1.4153892437893e-09	2.11217969660146e-10
1511.028	1.2515874221745502e-09	1.9509436758072302e-10
1512.674	1.4231877856472402e-09	2.12415807991508e-10
1514.347	1.3720114920900601e-09	2.0478605786800452e-10
1516.039	1.11845211127672e-09	1.66942041802185e-10
1517.786	1.2618883882179702e-09	1.9247610310715951e-10
1519.576	1.0422337247845401e-09	1.58961962404624e-10
1521.501	1.0730842435126302e-09	1.6365198016772052e-10
1523.2	1.1602034301345502e-09	1.7313404368798203e-10
1524.993	1.1777436830637301e-09	1.757486065615145e-10
1526.92	1.04900092396346e-09	1.56535782093581e-10
1529.395	9.420270752106302e-10	1.43651382889266e-10
1531.101	1.5609870548523702e-09	2.3293991187982754e-10
1532.819	1.1935950472277701e-09	1.90192154037844e-10
1534.589	1.3236030772148801e-09	1.97520996598451e-10
1536.406	1.19212875542688e-09	1.7790328947266998e-10
1538.219	1.35181520815792e-09	2.0615240133391399e-10
1539.801	1.6372061128948402e-09	2.443235870689365e-10
1541.168	1.4579741577409702e-09	2.1757453243874452e-10
1542.999	1.2093024574021102e-09	1.8441493194467999e-10
1544.895	1.25944281755399e-09	1.920644525039705e-10
1546.321	1.33636614504154e-09	2.0379903842289902e-10
1548.246	9.45362574855274e-10	1.410833193690715e-10
1550.429	1.08377878915346e-09	1.617326775727045e-10
1552.371	1.2454018040242602e-09	1.89912373087891e-10
1554.196	1.0978410197118301e-09	1.63821173768637e-10
1556.627	9.43041980169762e-10	1.43806789324567e-10
1558.61	1.3148368856429202e-09	2.00508567961252e-10
1560.327	1.1050223368404e-09	1.72246201362538e-10
1562.17	1.4479911445577e-09	2.1611111355000553e-10
1563.722	1.23408471515851e-09	1.882215619619765e-10
1565.381	1.3381249650168402e-09	1.997055711101275e-10
1566.941	1.3550069217007e-09	2.0664105399305801e-10
1568.802	1.1729380515283102e-09	1.8282245106777051e-10
1570.25	1.7467180792176702e-09	2.60669006699114e-10
1571.81	1.32671990442663e-09	1.9799771871761752e-10
1573.797	1.1721724463627901e-09	1.74935956752397e-10
1575.418	1.5531926705509e-09	2.317917315351075e-10
1576.991	1.4482933985691901e-09	2.161294396578385e-10
1579.005	1.03107066792984e-09	1.6429515011104098e-10
1581.28	9.96187403736129e-10	1.48665126184567e-10
1583.082	1.4893239275158601e-09	2.2226429151446353e-10
1584.567	1.2902159465901e-09	2.0111427720925451e-10
1586.532	1.03138648033012e-09	1.539232460989925e-10
1588.381	1.0817556733792701e-09	1.6497599526593001e-10
1590.383	1.39516166358926e-09	2.082237167243555e-10
1592.265	1.12899993056642e-09	1.685082180915405e-10
1594.452	1.16308760490549e-09	1.7359605810640452e-10
1596.468	1.21855465220202e-09	1.8186712079540902e-10
1598.186	1.3931957776363801e-09	2.07925303614761e-10
1599.914	1.0582521599474702e-09	1.649581381316365e-10
1601.637	1.51046941615838e-09	2.254196238594795e-10
1603.079	1.28316074431169e-09	1.95687181796211e-10
1605.045	1.24639935298747e-09	1.90086935538752e-10
1606.816	1.40829935759243e-09	2.1478603141065803e-10
1608.519	1.2278699449201602e-09	1.872710557766805e-10
1610.439	1.1853095271790702e-09	1.768966070374545e-10
1611.863	1.3710034999972401e-09	2.137002616889035e-10
1613.655	1.26067040092485e-09	1.88128335373636e-10
1615.587	1.27953543387034e-09	1.994419046184555e-10
1617.145	1.5807234123985502e-09	2.35901964121716e-10
1618.764	1.36078985741709e-09	2.030842726707295e-10
1620.282	1.36208487378086e-09	2.0773002254362402e-10
1621.86	1.5027589714570502e-09	2.2183099365190952e-10
1623.551	1.3005393910358e-09	1.9409892004113402e-10
1625.221	1.1650921108626202e-09	1.73886498069583e-10
1627.062	1.35754595907911e-09	2.0704807004042701e-10
1628.786	1.3240160764062601e-09	2.0639642160501701e-10
1630.562	1.24092227535744e-09	1.892575425404455e-10
1632.317	1.34808594903347e-09	2.05597261896226e-10
1633.977	1.2432884017551801e-09	1.8554934288371002e-10
1635.88	1.10357411606639e-09	1.7585933734774102e-10
1638.101	1.03283329672366e-09	1.5413710718541048e-10
1640.021	1.1972646157500802e-09	1.78674826749458e-10
1642.064	1.0237462914486901e-09	1.5612338128088953e-10
1644.352	1.0484006955071501e-09	1.56465058973744e-10
1646.094	1.2711078458123602e-09	1.9387125263657498e-10
1647.768	1.0850130708802101e-09	1.691567205156355e-10
1649.649	1.1261110087588702e-09	1.6808644772654702e-10
1651.667	8.96517982190848e-10	1.36734724515855e-10
1653.743	1.5916531274889502e-09	2.37537508976451e-10
1655.503	1.3677499215452702e-09	2.0858410955470352e-10
1657.28	1.4116759204236501e-09	2.10663044676007e-10
1659.171	1.1691740272767301e-09	1.7447504188988202e-10
1661.235	1.37895479972825e-09	2.05789588135883e-10
1663.183	9.140295680371201e-10	1.364103573050495e-10
1665.206	1.2073807123160802e-09	1.881964462995325e-10
1666.894	1.30894049359831e-09	1.95328780434851e-10
1668.827	1.1737340846060802e-09	1.7898065248033548e-10
1670.609	1.49632820565474e-09	2.2327964700363302e-10
1672.412	1.1706982537725e-09	1.746873736675835e-10
1674.543	1.09186128232772e-09	1.664921925246415e-10
1676.625	1.29182142750728e-09	1.94745267051291e-10
1678.3	1.3683352058279802e-09	2.041850316802845e-10
1680.281	1.0728529387889e-09	1.63601443835999e-10
1682.048	1.5002954090351e-09	2.238844593964845e-10
1683.947	1.08939053115366e-09	1.73591484987385e-10
1685.689	1.33955369107809e-09	1.999137502891995e-10
1687.681	1.17636597627124e-09	1.755700080376e-10
1689.802	1.0677628641550601e-09	1.59367204200125e-10
1691.843	9.69623184245209e-10	1.44723391672195e-10
1694.187	1.1191887541881901e-09	1.67043261746724e-10
1696.015	1.26915764184223e-09	1.935589823275645e-10
1698.14	1.1552708140657401e-09	1.761771210562165e-10
