time_sec	flux	flux_err
0.0409999680519104	1.12658901072852e-07	3.29484829842193e-08
0.12099995136261	2.57474858415648e-07	3.99073013461378e-08
0.220999975204468	3.1099858081411e-07	6.12069146215192e-08
0.460999984741211	9.04273784776327e-07	1.49175796948436e-07
0.700999994277954	6.75372799740023e-06	1.23571337991506e-06
0.960999972820282	1.52118067481319e-06	2.72299420847108e-07
1.26099998474121	8.0062423397934e-07	1.5950332954192e-07
1.66099998474121	1.61390286159351e-07	2.83089095140401e-08
2.08099996964137	5.32909037331201e-07	8.22343357430098e-08
2.26099997679393	9.46773172188023e-07	1.62996012907101e-07
2.3809999815623	1.29528483445048e-06	2.31282420413765e-07
2.56099998871485	1.54011174742796e-06	2.74775721307047e-07
2.82099998201643	8.61184623707226e-07	1.79932670959901e-07
2.98099996566772	7.06058006159675e-07	1.40781742590124e-07
3.02099992752075	5.40125080074493e-07	1.04970623898771e-07
3.08099998950958	2.50334134948729e-07	4.35801772521409e-08
3.14099993228912	1.94911551707664e-07	3.69446056388348e-08
3.20099999427795	1.34627537557676e-07	2.77847635232256e-08
3.28099997758865	1.83096544701901e-07	3.39077519168706e-08
3.34099997997284	3.69153033288237e-07	7.34143875814505e-08
3.38099994182587	5.73340195280553e-07	1.10387430084339e-07
3.4410000038147	7.03620165389925e-07	1.15240251612486e-07
3.5209999871254	5.33102258311054e-07	9.74093100181727e-08
3.6009999704361	1.82032981793733e-07	4.13121606713029e-08
3.66100003242493	1.67113572066296e-07	3.26907111426528e-08
3.70099999427795	1.17101955992149e-07	2.77143699275048e-08
3.74099995613098	1.21118535836107e-07	2.1604895800129e-08
3.7810000371933	8.1205067430698e-08	1.57917055797461e-08
3.82099999904633	4.2038395441688e-08	9.573775964113381e-09
3.86099996089935	4.47238278600486e-08	6.743662504305791e-09
3.90099992275238	7.00365750933198e-08	1.34332943041186e-08
3.9410000038147	1.60086280946093e-07	2.40554182167322e-08
3.98099996566772	1.48528955740042e-07	2.35762697070095e-08
4.02099992752075	1.32804131303963e-07	2.2778208839632e-08
4.06100000858307	1.41571372117613e-07	2.04883030319278e-08
4.1009999704361	1.23785598346527e-07	1.91546283118565e-08
4.14099993228912	1.76727561082746e-07	2.81796023433835e-08
4.18100001335144	2.81581215056085e-07	4.13096710165935e-08
4.22099997520447	2.43683379691546e-07	4.4577002016673e-08
4.26099993705749	3.10992028432341e-07	4.68528888728761e-08
4.30100001811981	2.02774936706815e-07	2.86386330142773e-08
4.34099997997284	1.52797430258577e-07	1.9680925917496e-08
4.38099994182587	1.37902564191218e-07	2.38852857795896e-08
4.42100002288818	1.20334204338216e-07	2.82964433419974e-08
4.46099998474121	1.61756494287915e-07	2.43534503586969e-08
4.50099994659424	1.41054722574076e-07	2.02913984872736e-08
4.54100002765655	1.00493900593775e-07	1.83940694813114e-08
4.58099998950958	1.00667316804163e-07	1.54968216038804e-08
4.62099995136261	8.84945564737551e-08	1.53787745706192e-08
4.66100003242493	1.05126163158489e-07	1.44988745488154e-08
4.70099999427795	5.11531310227463e-08	1.26491511050371e-08
4.74099995613098	9.48940182312929e-08	1.36070819737002e-08
4.7810000371933	9.4883543074158e-08	2.20008998260004e-08
4.82099999904633	2.502138503571e-07	4.58107998781632e-08
4.86099996089935	5.01203579573075e-07	9.01935091751251e-08
4.90099992275238	6.25432460976925e-07	1.07297202251743e-07
4.9410000038147	3.72108971961606e-07	7.35134497952422e-08
4.98099996566772	2.91006682221042e-07	4.98349454759824e-08
5.02099992752075	1.38284181190616e-07	2.11250668863887e-08
5.06100000858307	5.94761948239043e-08	1.07667263474924e-08
5.1009999704361	7.98075312315226e-08	1.96258718235673e-08
5.14099993228912	2.14862304236861e-07	4.22494974736383e-08
5.20099999427795	3.80017747808726e-07	7.34074185411623e-08
5.30099997838338	6.02858586575913e-07	9.82294119572616e-08
5.38099994182587	5.03692007706451e-07	9.10455474844126e-08
5.48099999547005	1.2896091331027e-07	2.05003832312311e-08
5.6009999704361	2.56173601817135e-07	4.76311559650569e-08
5.76099999666214	3.64248641101049e-07	6.71093337566194e-08
5.94099996407827	1.45964813167185e-06	2.77046669078042e-07
6.08099995970726	1.12445919510093e-06	3.12444852446188e-07
6.2409999859333	1.77594549449996e-06	2.88547040642885e-07
7.34099997997284	2.80215259414657e-07	5.03578505278578e-08
8.74099998122767	1.17488032977123e-07	2.26299590790056e-08
9.42099998315175	5.46820596760802e-08	8.73615600223884e-09
9.86099997792925	3.92437973708238e-08	6.520534573561631e-09
10.1009999704361	6.19930642224216e-08	1.08009647026423e-08
10.240999956131	1.39146291407396e-07	2.74980205839204e-08
10.3409999799728	7.58543188390233e-08	1.31661718237008e-08
10.4609999847412	2.51664626327949e-08	5.9973952151042304e-09
10.5809999895096	4.20272711578125e-08	7.973812465509441e-09
10.700999994278	7.55101999652893e-08	1.65356216290502e-08
10.8010000181198	1.85672605553224e-07	3.6700105803456e-08
10.9209999632835	1.01932441628805e-07	1.59122633746161e-08
11.0409999680519	8.41207572890464e-08	1.52380745558297e-08
11.1609999728203	6.81639329979969e-08	1.13937884632405e-08
11.2809999775887	9.80932080722141e-08	1.94991081175973e-08
11.400999982357	1.05121484671533e-07	2.16141757548527e-08
11.5409999879201	2.83932775579131e-07	4.1872707659255e-08
11.6209999513626	4.71850144966865e-07	8.93754293558518e-08
11.700999994278	3.48001607022226e-07	6.56307580382637e-08
11.8209999990463	2.79946620566977e-07	5.83493665126217e-08
11.9409999640783	1.41288038700234e-07	2.68138508725544e-08
12.1009999704361	5.24058592999637e-08	9.25423744057018e-09
12.240999956131	4.32983937635075e-08	8.43164775376749e-09
12.3409999799728	4.65880498486631e-08	9.1203264186308e-09
12.5209999871254	1.28251392043968e-07	2.59722902674764e-08
12.700999994278	8.60998810776324e-07	1.68458214484503e-07
12.9009999738421	2.08230351858551e-06	3.85026901680528e-07
13.3209999820164	1.36922794661256e-06	2.36067951621275e-07
13.6609999926885	2.38782512338445e-06	4.50032648297048e-07
14.0009999721391	9.8463406722171e-07	1.8448120817116e-07
14.92099998191	5.26991372842375e-07	8.76200089629521e-08
68.718	6.491736732463461e-10	1.1915207017665498e-10
73.464	5.305380262568901e-10	1.012518787435315e-10
165.827	1.35586208173043e-09	2.2879089733981499e-10
168.783	1.7423402245779802e-09	2.9082746698895247e-10
171.732	1.4087799332084101e-09	2.416934203594055e-10
175.383	1.56997123062456e-09	2.667002774916205e-10
178.58	1.8875847921798602e-09	3.0053845368263854e-10
182.006	1.4194052422417702e-09	2.2701761083134052e-10
185.933	1.23302645443448e-09	1.9941461379970548e-10
189.819	1.4557732015031702e-09	2.3548602240316103e-10
193.053	1.62447217726479e-09	2.661850490267445e-10
196.991	1.3495679379021701e-09	2.127662830736235e-10
201.223	1.21865182788909e-09	1.9723478479074002e-10
206.011	1.06886451274248e-09	1.7476943192011e-10
210.919	1.102249110359e-09	1.7252259758496e-10
217.254	7.46618649746061e-10	1.244180905597865e-10
224.395	7.87805997721247e-10	1.2172399621707698e-10
231.124	9.66743700947278e-10	1.52142976016016e-10
236.749	6.48671040743939e-10	1.3275167978695448e-10
242.164	5.86414317381058e-10	1.11642828619713e-10
247.92	6.3930942854105e-10	1.2145356659826301e-10
254.325	5.28527740216657e-10	1.021259794609945e-10
260.734	5.82045366685671e-10	1.158354092964355e-10
267.205	4.57491598741377e-10	9.781737434993544e-11
274.807	3.59082194865222e-10	7.634659570752194e-11
95.233	3.46290622955069e-10	7.576146430267549e-11
126.288	3.3126741553454003e-10	7.114997063057259e-11
153.045	1.43448701063506e-09	1.94571605273054e-10
297.522	6.75465168920804e-10	1.44733387743259e-10
316.873	4.70307519059929e-10	1.06038814648618e-10
340.238	5.33812429291143e-10	1.17720635295668e-10
362.266	4.38511902962195e-10	9.81892263879682e-11
384.83	3.9729158079486203e-10	8.945205586097469e-11
407.124	4.32467040057895e-10	9.511944548399979e-11
430.785	2.59947554133185e-10	5.6948949189866296e-11
462.893	2.41002805277973e-10	5.4262922993241594e-11
494.801	3.15195281130355e-10	7.05768615476768e-11
521.799	2.05710818550853e-10	4.6380977548311895e-11
562.482	2.72176119901823e-10	6.136669887851129e-11
599.424	2.21889452222236e-10	4.9821524233249194e-11
634.394	3.2042662858650703e-10	6.85723417075049e-11
670.717	1.99087705129278e-10	4.4825539758117395e-11
709.871	2.00632018480634e-10	4.50485156191393e-11
744.894	2.8100380011119503e-10	6.300764719135039e-11
780.572	1.99246159622698e-10	4.4861225482755004e-11
827.964	1.53448294329584e-10	3.45975120568812e-11
869.252	2.9608359891293303e-10	6.66646327257359e-11
919.227	1.62063530905061e-10	3.63886318174301e-11
983.437	1.99367496158607e-10	4.5013165234183297e-11
1023.776	1.70876967128089e-10	3.8473772955967e-11
1084.797	1.33534577427398e-10	3.01494319601033e-11
1154.24	1.22225663126788e-10	2.6918580729583298e-11
1235.947	7.910185841976569e-11	1.41611898407424e-11
5463.455	2.67181753491987e-11	6.05466425450388e-12
5589.548	2.29133363962427e-11	5.18083693859597e-12
5738.196	2.2913734326597898e-11	4.72511777031584e-12
12460.58	1.1259888152525098e-11	2.5279315265660498e-12
12893.996	9.97616378547453e-12	1.61743304804101e-12
18178.855	6.864906526008629e-12	1.73974817072194e-12
18643.953	4.19255692602004e-12	1.10113146345056e-12
24614.017	2.76302826338246e-12	6.45981304126112e-13
31649.313	2.00569975067594e-12	3.7810165224560297e-13
41655.019	1.89698332772577e-12	5.0847821682365e-13
212262.522	1.85299078383708e-13	7.30785907597622e-14
68.718	6.491736732463461e-10	1.1915207017665498e-10
73.464	5.305380262568901e-10	1.012518787435315e-10
165.827	1.35586208173043e-09	2.2879089733981499e-10
168.783	1.7423402245779802e-09	2.9082746698895247e-10
171.732	1.4087799332084101e-09	2.416934203594055e-10
175.383	1.56997123062456e-09	2.667002774916205e-10
178.58	1.8875847921798602e-09	3.0053845368263854e-10
182.006	1.4194052422417702e-09	2.2701761083134052e-10
185.933	1.23302645443448e-09	1.9941461379970548e-10
189.819	1.4557732015031702e-09	2.3548602240316103e-10
193.053	1.62447217726479e-09	2.661850490267445e-10
196.991	1.3495679379021701e-09	2.127662830736235e-10
201.223	1.21865182788909e-09	1.9723478479074002e-10
206.011	1.06886451274248e-09	1.7476943192011e-10
210.919	1.102249110359e-09	1.7252259758496e-10
217.254	7.46618649746061e-10	1.244180905597865e-10
224.395	7.87805997721247e-10	1.2172399621707698e-10
231.124	9.66743700947278e-10	1.52142976016016e-10
236.749	6.48671040743939e-10	1.3275167978695448e-10
242.164	5.86414317381058e-10	1.11642828619713e-10
247.92	6.3930942854105e-10	1.2145356659826301e-10
254.325	5.28527740216657e-10	1.021259794609945e-10
260.734	5.82045366685671e-10	1.158354092964355e-10
267.205	4.57491598741377e-10	9.781737434993544e-11
274.807	3.59082194865222e-10	7.634659570752194e-11
