time_sec	flux	flux_err
3376.254	4.713430568e-08	2.068902528e-09
3381.482	5.587213632e-08	2.372754384e-09
3386.421	5.121746168e-08	2.180176152e-09
3391.608	4.973276e-08	2.123932272e-09
3396.830	5.078701936e-08	2.144753688e-09
3402.133	5.225339504e-08	2.24482412e-09
3407.352	5.007129512e-08	2.15160484e-09
3412.592	4.916716728e-08	2.109067576e-09
3417.883	5.058479888e-08	2.136758008e-09
3423.100	4.9049154e-08	2.142784952e-09
3428.597	4.856853232e-08	2.078438208e-09
3433.928	5.006246168e-08	2.101882552e-09
3439.360	4.84256388e-08	2.074882656e-09
3444.856	4.57767772e-08	1.994890744e-09
3450.769	4.577048784e-08	1.977140704e-09
3456.297	4.913401416e-08	2.138846248e-09
3461.747	4.75694912e-08	2.07417672e-09
3467.159	5.17900768e-08	2.17125524e-09
3472.455	4.800488e-08	2.036909952e-09
3478.072	4.896570448e-08	2.071641264e-09
3483.601	4.81813024e-08	2.056678624e-09
3488.730	5.314650264e-08	2.181681656e-09
3494.097	4.984944888e-08	2.099607048e-09
3499.616	4.378297616e-08	1.879900792e-09
3505.827	4.54659436e-08	1.948992584e-09
3511.571	4.7337136e-08	2.035743864e-09
3517.360	4.354332752e-08	1.871355024e-09
3523.327	4.632125344e-08	1.978649904e-09
3529.029	4.63074612e-08	1.954117088e-09
3534.464	4.864386912e-08	2.091334784e-09
3539.836	5.106253768e-08	2.14860184e-09
3545.236	4.792204032e-08	2.08042604e-09
3550.954	4.93891244e-08	2.12018576e-09
3556.307	4.6806606e-08	1.985723432e-09
3561.970	4.914661136e-08	2.077634328e-09
3567.577	4.647675032e-08	2.024289344e-09
3573.534	4.208535408e-08	1.83455272e-09
3579.679	4.683597688e-08	1.995939176e-09
3585.614	4.526664296e-08	1.940832432e-09
3591.568	4.410986272e-08	1.885808848e-09
3597.374	4.47116208e-08	1.885190384e-09
3603.449	4.455694936e-08	1.911695632e-09
3609.124	4.983772024e-08	2.087198344e-09
3615.080	4.245934e-08	1.776517512e-09
3620.876	4.94630752e-08	2.09802516e-09
3626.416	4.475628696e-08	1.87609576e-09
3632.548	4.353411216e-08	1.85256148e-09
3638.476	4.61423732e-08	1.948801008e-09
3644.380	4.68407324e-08	1.991109736e-09
3650.308	4.390098328e-08	1.85061492e-09
3656.491	4.373129992e-08	1.84237592e-09
3662.389	4.635979656e-08	1.954699824e-09
3668.122	4.759124216e-08	2.071095488e-09
3673.796	4.529372848e-08	1.89245672e-09
3679.702	4.584927424e-08	1.953417928e-09
3685.743	4.389728112e-08	1.885718296e-09
3691.615	4.737848192e-08	2.098592496e-09
3697.643	4.176278568e-08	1.76559152e-09
3703.781	4.848045664e-08	2.053363928e-09
3709.361	4.304357288e-08	1.82390824e-09
3715.716	4.200059248e-08	1.73123104e-09
3722.130	4.190365256e-08	1.77963632e-09
3728.296	4.289848024e-08	1.798687968e-09
3734.920	3.810566144e-08	1.687828912e-09
3741.339	4.392738504e-08	1.883436016e-09
3747.493	4.28835176e-08	1.78611356e-09
3753.853	4.22672096e-08	1.846272736e-09
3760.046	4.513546576e-08	1.972547808e-09
3765.839	4.78340632e-08	2.044133168e-09
3771.748	4.176730712e-08	1.767674216e-09
3777.787	4.531741368e-08	1.923707016e-09
3783.995	4.347185304e-08	1.836569504e-09
3790.018	4.43965676e-08	1.875324528e-09
3796.286	4.1436164e-08	1.747544568e-09
3802.889	4.122334216e-08	1.719198096e-09
3808.821	4.709512808e-08	1.970204544e-09
3814.986	4.158251944e-08	1.759900912e-09
3821.441	4.120779432e-08	1.758452696e-09
3827.985	3.952045944e-08	1.694296912e-09
3834.698	4.167396464e-08	1.819951056e-09
3841.061	4.372791808e-08	1.881860904e-09
3846.992	4.612608e-08	1.972654992e-09
3853.346	4.057735528e-08	1.738624272e-09
3859.461	4.350621968e-08	1.884435784e-09
3865.962	4.197622352e-08	1.840482952e-09
3872.340	4.21564528e-08	1.80148276e-09
3878.740	4.163332712e-08	1.807539272e-09
3885.034	4.254874624e-08	1.870026928e-09
3891.514	4.233661432e-08	1.857034872e-09
3897.982	4.066517224e-08	1.792746032e-09
3904.656	4.014797248e-08	1.768131288e-09
3911.158	4.059054384e-08	1.803865448e-09
3918.004	3.987834928e-08	1.759144464e-09
3924.474	4.198419456e-08	1.80007828e-09
3931.181	3.90613608e-08	1.734518632e-09
3937.826	3.958043936e-08	1.75099848e-09
3944.684	3.896663848e-08	1.702196496e-09
3951.358	4.121470584e-08	1.81899564e-09
3957.868	4.138338512e-08	1.78235596e-09
3964.543	3.914945496e-08	1.652486528e-09
3971.313	4.059337128e-08	1.737549968e-09
3978.162	3.810038232e-08	1.588498296e-09
3984.863	4.15252684e-08	1.794039016e-09
3991.815	3.741626504e-08	1.600539248e-09
3998.683	3.908353064e-08	1.63336404e-09
4005.307	4.192199088e-08	1.784223056e-09
4012.134	3.646107696e-08	1.568615664e-09
4019.056	4.041232888e-08	1.745779728e-09
4025.765	4.049218712e-08	1.756527696e-09
4032.458	3.866372048e-08	1.658890464e-09
4039.443	3.811466736e-08	1.610102032e-09
4046.528	3.780824432e-08	1.619026024e-09
4053.406	3.903377016e-08	1.674573824e-09
4060.247	3.926047664e-08	1.666040992e-09
4067.133	3.976154336e-08	1.673806288e-09
4073.709	4.068677536e-08	1.749268136e-09
4080.534	3.773381304e-08	1.679676768e-09
4087.444	3.86123276e-08	1.730446872e-09
4094.472	3.85527604e-08	1.713872776e-09
4101.156	3.84444676e-08	1.636741568e-09
4108.454	3.7760184e-08	1.595312488e-09
4115.336	3.810747248e-08	1.589016968e-09
4122.429	3.786454672e-08	1.61458836e-09
4129.324	3.890463192e-08	1.666909552e-09
4136.092	4.0831714e-08	1.766525376e-09
4143.349	3.36418544e-08	1.417176376e-09
4150.966	3.658183144e-08	1.60861316e-09
4157.985	3.85314468e-08	1.691693696e-09
4164.985	3.93307684e-08	1.68690676e-09
4172.019	3.528491736e-08	1.503916568e-09
4179.361	3.608545248e-08	1.509824008e-09
4186.642	3.724645848e-08	1.619239776e-09
4194.074	3.558999136e-08	1.556718856e-09
4201.213	3.864646632e-08	1.670415824e-09
4208.459	3.617299224e-08	1.593505144e-09
4215.996	3.707517968e-08	1.586435312e-09
4223.240	3.69721352e-08	1.629239304e-09
4230.531	3.54060784e-08	1.586763024e-09
4238.071	3.645360488e-08	1.55458072e-09
4245.361	3.583095208e-08	1.502203472e-09
4252.651	3.822802984e-08	1.619884728e-09
4259.685	3.8127166e-08	1.641582712e-09
4266.863	3.872614592e-08	1.612723728e-09
4273.805	3.764430208e-08	1.57019324e-09
4281.207	3.473178016e-08	1.498803768e-09
4288.909	3.374197904e-08	1.478193024e-09
4296.666	3.62423292e-08	1.589130312e-09
4304.396	3.404982504e-08	1.492202096e-09
4312.017	3.490881856e-08	1.561363496e-09
4319.390	3.623642792e-08	1.573503624e-09
4326.891	3.465675136e-08	1.518709808e-09
4334.727	3.514857192e-08	1.554603512e-09
4341.998	3.572240672e-08	1.51564952e-09
4349.630	3.429366248e-08	1.528631104e-09
4357.437	3.4467664e-08	1.515152408e-09
4365.218	3.514245504e-08	1.52382076e-09
4372.788	3.508928192e-08	1.551582032e-09
4380.312	3.551662576e-08	1.577956688e-09
4387.909	3.580986024e-08	1.591988552e-09
4395.831	3.364314184e-08	1.47714644e-09
4403.542	3.40194624e-08	1.490020224e-09
4411.519	3.294351984e-08	1.46156472e-09
4419.209	3.574828488e-08	1.561175616e-09
4426.819	3.53480512e-08	1.559621448e-09
4434.098	3.799273632e-08	1.678742296e-09
4441.237	3.62741456e-08	1.579550896e-09
4448.810	3.489714536e-08	1.553375824e-09
4456.536	3.432688952e-08	1.499474592e-09
4464.580	3.326553384e-08	1.452338272e-09
4472.465	3.339359408e-08	1.480252312e-09
4480.301	3.264389128e-08	1.466883264e-09
4487.940	3.570996352e-08	1.580734848e-09
4495.682	3.631831896e-08	1.578348464e-09
4503.336	3.386112576e-08	1.48336804e-09
4511.075	3.466556016e-08	1.538155696e-09
4519.070	3.355307648e-08	1.473890264e-09
4527.405	3.182094608e-08	1.401934688e-09
21615.001	3.131346064e-09	1.628982432e-10
21624.512	2.969400896e-09	1.491728392e-10
21633.536	3.034315592e-09	1.602556032e-10
21642.666	3.113032384e-09	1.623531448e-10
21651.746	3.14573028e-09	1.60804336e-10
21660.794	3.035654776e-09	1.579203472e-10
21670.070	3.022448968e-09	1.588247584e-10
21679.191	2.947491008e-09	1.544958184e-10
21688.740	3.085900048e-09	1.58140136e-10
21697.647	3.06890892e-09	1.666823928e-10
21706.770	3.082315544e-09	1.64032484e-10
21715.764	3.3119548e-09	1.672088264e-10
21724.669	3.014209352e-09	1.517997712e-10
21734.041	3.053905624e-09	1.549487016e-10
21743.529	3.092444432e-09	1.600693248e-10
21752.189	2.95890364e-09	1.582666008e-10
21761.313	3.294138232e-09	1.696573648e-10
21770.271	2.942307368e-09	1.546134744e-10
21779.690	3.107339312e-09	1.576597792e-10
21789.104	2.91388328e-09	1.496984104e-10
21798.732	3.036004664e-09	1.540404096e-10
21807.866	3.186439256e-09	1.645218344e-10
21816.782	3.132446856e-09	1.6092692e-10
21826.134	2.937959024e-09	1.567475448e-10
21836.148	2.57527116e-09	1.363561584e-10
21846.166	2.921456384e-09	1.508402896e-10
21855.898	2.964564064e-09	1.515435152e-10
21864.861	3.25747268e-09	1.648669792e-10
21873.742	3.047801064e-09	1.613757992e-10
21883.046	2.870664104e-09	1.52382076e-10
21892.701	3.085141136e-09	1.542224992e-10
21901.747	3.065130376e-09	1.610676144e-10
21911.317	2.811662392e-09	1.531020568e-10
21920.272	3.168351648e-09	1.623654648e-10
21929.382	2.982688632e-09	1.559474224e-10
21938.866	2.875218192e-09	1.499506008e-10
21948.716	2.834453776e-09	1.49322404e-10
21958.237	3.168841368e-09	1.627967264e-10
21966.546	3.338557992e-09	1.677183816e-10
21975.506	3.183981416e-09	1.619508352e-10
21984.167	3.127845336e-09	1.623083e-10
21993.423	3.04968664e-09	1.55506736e-10
22002.164	3.343346776e-09	1.713332544e-10
22010.826	3.191735008e-09	1.672981464e-10
22020.433	2.822054928e-09	1.46808508e-10
22030.138	2.746136008e-09	1.443049608e-10
22039.968	3.123664544e-09	1.596765016e-10
22048.696	3.23566012e-09	1.645794304e-10
22057.666	2.975269528e-09	1.52852084e-10
22066.865	3.120267304e-09	1.61105252e-10
22076.117	3.076644032e-09	1.600527544e-10
22085.052	3.080954184e-09	1.586777808e-10
22094.017	3.17268644e-09	1.646351784e-10
25492.636	2.490970328e-09	1.348860128e-10
25504.572	2.494628752e-09	1.451246104e-10
25516.959	2.226864024e-09	1.427840568e-10
25530.191	2.321210584e-09	1.596033824e-10
25543.135	2.388924384e-09	1.552727792e-10
25555.346	2.717427328e-09	1.670284616e-10
25567.362	2.407849136e-09	1.464103872e-10
25579.559	2.450249648e-09	1.393634088e-10
25592.031	2.257190936e-09	1.308339032e-10
25604.782	2.385459384e-09	1.358294784e-10
25617.478	2.289965216e-09	1.288327656e-10
25630.526	2.264271856e-09	1.34228864e-10
25642.902	2.40680748e-09	1.355666928e-10
25665.299	2.192265152e-09	1.294460552e-10
25688.395	2.368385712e-09	1.366307096e-10
25700.466	2.311782088e-09	1.278556664e-10
25713.329	2.342112696e-09	1.282595776e-10
25726.924	2.118948216e-09	1.215280528e-10
25739.668	2.375014488e-09	1.421027608e-10
25752.045	2.37408864e-09	1.379523992e-10
25765.907	2.150812664e-09	1.329208496e-10
25778.859	2.652106072e-09	1.632429568e-10
25790.567	2.535080856e-09	1.556912896e-10
25803.568	2.451682464e-09	1.549239384e-10
25816.262	2.46428336e-09	1.5012382e-10
25830.043	2.207743384e-09	1.337750568e-10
25843.659	2.246004992e-09	1.389989216e-10
25856.935	2.309922384e-09	1.386264264e-10
25870.178	2.433527096e-09	1.482272176e-10
25883.616	2.102581712e-09	1.299842544e-10
25897.291	2.406168072e-09	1.464004696e-10
25910.096	2.25933092e-09	1.368753848e-10
25924.039	2.2739332e-09	1.412461512e-10
25937.438	2.266993344e-09	1.390578112e-10
25951.674	2.124794672e-09	1.331898568e-10
25965.094	2.2178618e-09	1.422757336e-10
25979.100	2.330412392e-09	1.437773568e-10
25992.430	2.373813904e-09	1.50933244e-10
26005.311	2.266512864e-09	1.411892944e-10
26019.067	2.191821016e-09	1.36292772e-10
26033.612	2.012928456e-09	1.253321608e-10
26048.296	1.899875208e-09	1.291389792e-10
26062.416	2.395556856e-09	1.508792824e-10
26075.228	2.43003376e-09	1.509386032e-10
26088.428	2.39936004e-09	1.43414656e-10
26102.171	2.347336376e-09	1.4305676e-10
26115.764	2.41907204e-09	1.46251952e-10
26129.236	2.290718584e-09	1.414794304e-10
26142.526	2.266621896e-09	1.393125272e-10
26156.388	2.267082048e-09	1.372913696e-10
26170.091	2.381097488e-09	1.462997536e-10
26183.077	2.28908372e-09	1.417537352e-10
26196.990	2.18252804e-09	1.349161968e-10
26210.252	2.415502936e-09	1.512344064e-10
26223.009	2.430447096e-09	1.489350016e-10
26236.265	2.39037876e-09	1.497746712e-10
26249.181	2.280844104e-09	1.434506304e-10
26262.939	2.2493548e-09	1.41276828e-10
26276.959	2.151649808e-09	1.367795352e-10
26289.944	2.45864388e-09	1.53274352e-10
26302.317	2.32462076e-09	1.428566216e-10
26315.570	2.383572576e-09	1.497188e-10
26328.053	2.5518108e-09	1.61215208e-10
26341.128	2.453612392e-09	1.535177952e-10
26354.615	2.304168944e-09	1.47146384e-10
26368.221	2.287249888e-09	1.450152088e-10
26381.242	2.29483716e-09	1.422560832e-10
26395.251	2.48437728e-09	1.528844856e-10
26407.898	2.249563624e-09	1.437154488e-10
26421.650	2.249466912e-09	1.386133056e-10
26435.315	2.262784216e-09	1.438416672e-10
26449.093	2.150460928e-09	1.34440768e-10
26463.422	2.246651792e-09	1.386036344e-10
26476.765	2.353170512e-09	1.44946032e-10
26489.781	2.433311496e-09	1.50316628e-10
26502.424	2.377546248e-09	1.490479144e-10
26516.193	2.226819672e-09	1.393862624e-10
26529.552	2.393490792e-09	1.512220864e-10
26543.960	1.964364248e-09	1.298630256e-10
26557.640	2.44198416e-09	1.521489816e-10
26571.558	2.195320512e-09	1.342522104e-10
26585.907	2.014268256e-09	1.287231176e-10
26600.697	2.315120192e-09	1.428208936e-10
26613.868	2.319084152e-09	1.436492288e-10
26627.838	2.284453248e-09	1.415909264e-10
26641.268	2.22757304e-09	1.40982688e-10
26654.906	2.256904496e-09	1.390519592e-10
26668.348	2.332898568e-09	1.442603624e-10
31126.431	1.81894328e-09	9.70466112e-11
31141.842	1.712178776e-09	9.29954872e-11
31157.367	1.882765192e-09	1.004521672e-10
31172.590	1.80483688e-09	9.55648232e-11
31188.482	1.684708872e-09	9.31645792e-11
31203.726	1.865650864e-09	1.005574416e-10
31218.362	1.890556976e-09	1.029472136e-10
31233.161	1.846580736e-09	1.005525752e-10
31247.437	1.952278328e-09	1.057652904e-10
31262.441	1.663228952e-09	9.63985176e-11
31277.004	1.97559516e-09	1.067553256e-10
31291.717	1.76991276e-09	9.76241112e-11
31305.978	1.965458264e-09	1.084099016e-10
31321.125	1.706549152e-09	9.4129112e-11
31336.473	1.890702352e-09	1.001110264e-10
31351.817	1.694272888e-09	9.3693292e-11
31367.134	1.757223776e-09	9.59323904e-11
31382.754	1.750630728e-09	9.5083912e-11
31398.144	1.864290736e-09	9.82146704e-11
31412.391	2.098173e-09	1.099797776e-10
31427.109	1.715995512e-09	9.08604312e-11
31443.691	1.734354776e-09	9.22991608e-11
31458.929	1.801234512e-09	9.88414504e-11
31474.232	1.78959088e-09	9.30994064e-11
31489.743	1.810912488e-09	1.025092376e-10
31505.140	1.70490012e-09	9.40381288e-11
31521.106	1.727373032e-09	9.38206808e-11
31536.582	1.597761088e-09	9.33413096e-11
31552.955	1.764853552e-09	9.56114544e-11
31567.762	1.843383696e-09	9.9357104e-11
31583.142	1.874367264e-09	9.94977368e-11
31597.932	1.821329664e-09	1.004601136e-10
31613.330	1.798047944e-09	9.96890664e-11
31628.516	1.777044808e-09	9.50525576e-11
31643.971	1.928431736e-09	1.010823968e-10
31658.480	1.815744392e-09	9.66305032e-11
31673.883	1.800590792e-09	9.891574e-11
31689.323	1.828170344e-09	9.60689576e-11
31704.169	1.802385816e-09	9.71473272e-11
31720.328	1.5973804e-09	8.8792704e-11
31736.053	1.853800256e-09	1.012047344e-10
31750.532	1.967638904e-09	1.055153792e-10
31766.039	1.558449816e-09	8.64050264e-11
31782.131	1.83854748e-09	9.88441608e-11
31796.971	1.917283984e-09	1.015185248e-10
31813.443	1.528334808e-09	8.53958336e-11
31830.306	1.59755288e-09	8.92633896e-11
31846.487	1.623605984e-09	9.16671448e-11
31862.873	1.666042224e-09	9.09544944e-11
31878.037	1.922127592e-09	1.02033008e-10
31892.607	1.81761272e-09	9.92291608e-11
31907.621	1.773921688e-09	9.75934344e-11
31923.163	1.759864568e-09	9.50978952e-11
31939.095	1.63158688e-09	9.06941112e-11
31955.080	1.818583536e-09	9.85223008e-11
31970.632	1.72181548e-09	9.30418104e-11
31986.287	1.842018024e-09	9.87788648e-11
32002.126	1.58736424e-09	8.86940824e-11
32018.117	1.70133348e-09	9.40837128e-11
32033.767	1.724132256e-09	9.81079792e-11
32049.196	1.711208576e-09	9.56139184e-11
32065.529	1.66166308e-09	8.93344144e-11
32081.556	1.764925624e-09	9.53713376e-11
32097.511	1.5374282e-09	8.63510648e-11
32113.791	1.834212072e-09	9.88627024e-11
32128.715	1.948028544e-09	1.0340792e-10
32144.019	1.777713168e-09	9.365356e-11
32159.125	1.861531672e-09	1.016268176e-10
32173.953	1.831194288e-09	9.8198408e-11
32189.138	1.716275792e-09	9.20358824e-11
32205.326	1.670520544e-09	9.02699952e-11
32221.855	1.64052812e-09	9.02547184e-11
32237.606	1.798000512e-09	9.94293608e-11
32252.702	1.635722088e-09	9.04554112e-11
32269.681	1.628618992e-09	8.91399432e-11
32286.052	1.736028448e-09	9.30950944e-11
32302.187	1.651274856e-09	9.06124912e-11
32318.831	1.435568904e-09	8.36443608e-11
32336.094	1.6638006e-09	9.05994936e-11
32352.254	1.624016856e-09	9.1690368e-11
32368.381	1.801857288e-09	9.76161032e-11
32383.867	1.743808528e-09	9.5936764e-11
32399.038	1.6917054e-09	9.09495664e-11
32416.064	1.598093112e-09	8.99921176e-11
32432.854	1.627281656e-09	8.97568672e-11
32449.231	1.6482158e-09	9.09115592e-11
32465.251	1.680597688e-09	9.26976512e-11
32481.090	1.717815792e-09	9.23533072e-11
32497.063	1.681931328e-09	9.27712016e-11
32513.122	1.62383452e-09	8.9336324e-11
32529.071	1.636379976e-09	9.19088016e-11
32544.934	1.78083752e-09	9.6972568e-11
32559.917	1.931624464e-09	1.0411324e-10
32575.184	1.660312192e-09	8.92618496e-11
32591.433	1.723268008e-09	9.70410056e-11
32606.825	1.748871432e-09	9.42629688e-11
32621.964	1.770210904e-09	9.83997784e-11
32637.528	1.705412632e-09	9.07589144e-11
32654.468	1.655198776e-09	9.10618016e-11
32670.147	1.678349288e-09	9.25735888e-11
32686.461	1.618333024e-09	8.92632664e-11
32703.345	1.532729352e-09	8.45416264e-11
32720.495	1.54054208e-09	8.78908184e-11
32736.920	1.660360856e-09	9.27728032e-11
32753.945	1.54531608e-09	8.50165624e-11
32770.987	1.705894344e-09	9.12467248e-11
32786.785	1.782199496e-09	9.58147344e-11
32802.746	1.691584664e-09	9.02517616e-11
32818.836	1.792115864e-09	9.70884376e-11
32834.538	1.586762408e-09	8.93540648e-11
32850.756	1.74350176e-09	9.51832112e-11
36892.338	1.346593248e-09	7.27666632e-11
36914.322	1.237814424e-09	6.89154312e-11
36934.967	1.393041496e-09	7.92618904e-11
36956.652	1.262563456e-09	7.20272168e-11
36977.684	1.31034596e-09	7.51574824e-11
36999.684	1.224080088e-09	6.88757608e-11
37021.080	1.246147672e-09	7.32696888e-11
37042.538	1.248612904e-09	7.04487168e-11
37064.149	1.271170208e-09	7.35111608e-11
37084.823	1.37388328e-09	7.77284816e-11
37104.578	1.342090288e-09	7.65545088e-11
37125.241	1.329303976e-09	7.52066392e-11
37146.749	1.314738656e-09	7.12354104e-11
37169.207	1.194184992e-09	6.83046672e-11
37190.566	1.353471504e-09	7.6782244e-11
37211.807	1.299674992e-09	7.21451808e-11
37233.182	1.308589128e-09	7.34313272e-11
37253.581	1.344116928e-09	7.70903672e-11
37274.277	1.237372136e-09	7.12484696e-11
37295.801	1.26355152e-09	7.26700744e-11
37317.087	1.296176112e-09	7.62101032e-11
37338.437	1.26402584e-09	7.11228056e-11
37360.323	1.18175904e-09	6.87176336e-11
37381.653	1.3019006e-09	7.38559976e-11
37403.050	1.329911968e-09	7.56505904e-11
37424.169	1.23538184e-09	7.34485752e-11
37446.136	1.226133832e-09	7.05166616e-11
37466.493	1.411774672e-09	7.81540144e-11
37487.381	1.203984936e-09	7.3414572e-11
37508.133	1.405972568e-09	7.9976512e-11
37528.112	1.191600256e-09	6.94803032e-11
37550.158	1.27495984e-09	7.292208e-11
37571.575	1.30799284e-09	7.26037928e-11
37593.415	1.210160952e-09	7.21499856e-11
37614.079	1.383726344e-09	7.70155232e-11
37635.856	1.173125184e-09	6.89740128e-11
37658.670	1.147473096e-09	6.65387184e-11
37682.066	1.181764584e-09	6.89071152e-11
37704.023	1.253964096e-09	7.6896204e-11
37724.324	1.264646768e-09	7.37393888e-11
37746.005	1.211554344e-09	7.18310208e-11
37767.998	1.25691412e-09	7.2685228e-11
37788.850	1.266937056e-09	7.49060928e-11
37810.514	1.195393584e-09	7.10705072e-11
37833.632	1.241382296e-09	6.98475624e-11
37853.371	1.382481408e-09	7.71552936e-11
37874.927	1.319914904e-09	7.26739552e-11
37895.653	1.331814792e-09	7.45287928e-11
37917.372	1.224609848e-09	7.02337328e-11
37938.841	1.24350996e-09	7.35206472e-11
37959.178	1.290987544e-09	7.65399096e-11
37981.419	1.203852496e-09	7.05839904e-11
38001.741	1.237690608e-09	7.9692844e-11
38022.924	1.219428056e-09	7.14971488e-11
38045.223	1.270101448e-09	7.46746e-11
38066.793	1.186308816e-09	6.99422416e-11
38088.861	1.1959332e-09	7.07059584e-11
38109.789	1.34601236e-09	7.7407176e-11
38130.778	1.322000064e-09	7.4179644e-11
38152.499	1.163250704e-09	6.74524928e-11
38174.927	1.233049664e-09	7.16973488e-11
38195.674	1.329966792e-09	7.42235648e-11
38217.748	1.199670472e-09	6.99504344e-11
38239.826	1.250275488e-09	7.52551184e-11
38261.768	1.196224568e-09	6.9749372e-11
38283.598	1.235795792e-09	7.20574624e-11
38306.208	1.094615984e-09	6.63701808e-11
38328.368	1.393409864e-09	7.77660576e-11
38349.759	1.14404444e-09	6.78292384e-11
38370.803	1.371093416e-09	8.15166968e-11
38391.826	1.18809152e-09	6.98546464e-11
38414.157	1.222291224e-09	7.04885104e-11
38436.737	1.1237842e-09	6.70013344e-11
38460.059	1.112663552e-09	6.98067832e-11
38481.923	1.281485744e-09	7.24993192e-11
38504.749	1.128584688e-09	6.88179184e-11
38526.483	1.115832256e-09	6.73523312e-11
38550.025	1.21487828e-09	6.87303232e-11
43942.115	1.136243416e-09	6.1865496e-11
43965.807	1.152106032e-09	6.43896792e-11
43989.500	1.219443456e-09	6.54017056e-11
44014.036	1.01993892e-09	5.750623648e-11
44039.821	1.050827008e-09	5.990564272e-11
44065.375	1.058627416e-09	5.942556312e-11
44091.812	9.23705552e-10	5.384524992e-11
44118.808	1.017975728e-09	5.934050584e-11
44144.553	1.10332992e-09	6.19349192e-11
44167.828	1.178168376e-09	6.65740768e-11
44192.422	1.02157748e-09	5.7598618e-11
44217.631	1.109278632e-09	6.118881384e-11
44243.564	9.73349608e-10	5.463854088e-11
44271.444	1.009581496e-09	5.581086896e-11
44296.673	1.072512056e-09	6.29422024e-11
44320.090	1.17072032e-09	6.57178368e-11
44345.963	9.17546168e-10	5.508076728e-11
44372.643	9.64724992e-10	5.623635864e-11
44397.799	1.138276216e-09	6.22451368e-11
44424.456	9.888956e-10	5.518506224e-11
44450.737	1.082782624e-09	5.870054344e-11
44477.966	1.04482224e-09	5.520383792e-11
44503.733	1.13533112e-09	6.23541072e-11
44528.895	1.118567912e-09	6.037966088e-11
44554.582	1.091425104e-09	5.942527976e-11
44580.276	1.070255032e-09	5.865254472e-11
44606.525	1.041992336e-09	5.940200728e-11
44631.301	1.102715768e-09	5.978117376e-11
44656.429	1.125149256e-09	6.09973364e-11
44681.362	1.113397208e-09	5.9842552e-11
44707.556	1.026192552e-09	5.710194952e-11
44734.742	1.018992128e-09	5.657749328e-11
44761.374	1.06977332e-09	5.92674852e-11
44787.589	1.07216032e-09	5.862968496e-11
44814.044	1.073483488e-09	5.844837768e-11
44840.562	1.054779264e-09	5.843678456e-11
44866.866	1.03612124e-09	5.678194984e-11
44893.628	1.080706088e-09	5.833591456e-11
44919.346	1.04168064e-09	5.886160896e-11
44945.600	1.106106232e-09	6.141432528e-11
44972.700	9.30453832e-10	5.269270776e-11
48382.159	8.475698e-10	4.991138768e-11
48412.735	8.65072824e-10	5.040485296e-11
48442.107	9.6067664e-10	5.612361832e-11
48470.425	8.66079984e-10	5.059708192e-11
48499.699	9.35781616e-10	5.201751016e-11
48527.609	9.60303344e-10	5.229246792e-11
48556.224	8.56023168e-10	5.12229256e-11
48584.119	9.91841312e-10	5.470832136e-11
48613.982	8.54011928e-10	4.734958536e-11
48643.391	9.1910896e-10	5.441306024e-11
48671.564	9.24864864e-10	5.34634408e-11
48699.624	9.42068512e-10	5.360705504e-11
48726.049	8.88430928e-10	5.566965712e-11
48756.813	8.02144728e-10	4.748853648e-11
48786.934	9.66310576e-10	5.261959472e-11
48815.517	9.18664824e-10	5.200294792e-11
48843.677	9.63813312e-10	5.49881024e-11
48873.213	8.5169392e-10	4.923365832e-11
48902.521	9.18942024e-10	5.094952016e-11
48930.411	1.00579556e-09	5.6935186e-11
48957.443	1.007671896e-09	5.64507636e-11
48985.693	8.2455604e-10	4.655421848e-11
49016.427	9.22316472e-10	5.262058648e-11
49045.286	9.25839376e-10	5.24090644e-11
49073.132	9.75832704e-10	5.286674008e-11
49100.608	9.48811864e-10	5.28784564e-11
49129.613	9.2170232e-10	5.097079064e-11
49157.717	9.44775216e-10	5.51944624e-11
49185.785	8.81099912e-10	5.147450616e-11
49214.869	9.11261736e-10	5.052369168e-11
49242.691	1.026575088e-09	5.750971688e-11
49269.945	8.461838e-10	5.090656648e-11
49300.240	8.72873232e-10	4.852053976e-11
49331.961	7.90781376e-10	4.719238832e-11
49362.298	9.21439288e-10	5.32653968e-11
49391.798	8.20872976e-10	4.885738704e-11
49421.764	8.61049728e-10	4.9774494e-11
49452.091	8.74827184e-10	5.017353264e-11
49482.095	8.5920296e-10	5.019526512e-11
49510.417	9.26091936e-10	5.353436088e-11
49538.857	9.07330424e-10	5.231191504e-11
49567.704	8.89305648e-10	4.930635248e-11
49597.372	9.95642032e-10	5.407809792e-11
49626.073	8.91124696e-10	5.178549992e-11
49654.450	9.52441336e-10	5.462490264e-11
49681.598	9.35833976e-10	5.28369072e-11
49711.118	8.79622128e-10	5.005359744e-11
49738.932	9.34800944e-10	5.461176336e-11
49767.436	8.68211344e-10	5.223175496e-11
49797.212	8.30600232e-10	4.814105912e-11
49827.492	9.42534824e-10	5.321523592e-11
49854.959	9.3023392e-10	5.293360688e-11
49884.719	8.56880024e-10	4.92734704e-11
49914.484	8.19847952e-10	5.151344968e-11
49944.774	7.79530136e-10	4.7022976e-11
49974.913	9.54471056e-10	5.459797112e-11
50004.810	7.6403096e-10	4.976904856e-11
50033.716	9.18730736e-10	5.338977336e-11
50062.487	8.9025552e-10	5.242503728e-11
50090.342	9.2784384e-10	5.46385224e-11
54005.408	8.33634032e-10	5.127590776e-11
54042.254	7.2791796e-10	4.25493376e-11
54080.891	7.64849624e-10	4.496248064e-11
54119.524	7.37319352e-10	4.334483384e-11
54156.484	9.21571728e-10	5.233395552e-11
54191.214	7.81588808e-10	4.537544704e-11
54229.515	7.87761744e-10	4.726887088e-11
54265.482	7.87521504e-10	4.659754792e-11
54303.288	8.18024592e-10	4.753280224e-11
54340.423	7.9553628e-10	4.594008496e-11
54379.387	7.67684456e-10	4.511013584e-11
54419.345	7.56353136e-10	4.507588624e-11
54454.965	8.5792784e-10	5.040148344e-11
54492.500	6.96177944e-10	4.373697328e-11
54530.968	7.91830424e-10	4.6545268e-11
54570.013	7.53821376e-10	4.451860336e-11
54608.514	7.64756608e-10	4.738562136e-11
54648.103	7.3092712e-10	4.401857152e-11
54687.566	7.22081976e-10	4.338510792e-11
54728.012	7.52965136e-10	4.523261512e-11
54767.421	7.6570032e-10	4.486344016e-11
54808.249	6.93007392e-10	4.261196632e-11
54848.124	7.86797088e-10	4.76031556e-11
54886.229	7.59520608e-10	4.686374616e-11
54925.608	7.16873696e-10	4.398538144e-11
54963.785	7.99179304e-10	4.793072592e-11
55001.350	8.26211232e-10	4.933770688e-11
55038.935	7.64853936e-10	4.620025256e-11
55076.054	7.94987424e-10	4.7622036e-11
55114.746	7.22637608e-10	4.371309712e-11
55155.325	7.54388712e-10	4.541206208e-11
55194.799	7.3549168e-10	4.465390776e-11
55234.911	7.35641984e-10	4.50199288e-11
55274.841	8.02359712e-10	4.698050896e-11
55310.768	7.68762456e-10	4.982957672e-11
55350.012	7.86947392e-10	4.763063536e-11
55387.093	7.58427208e-10	4.646446112e-11
55426.392	7.34573224e-10	4.414031776e-11
55464.027	8.6236612e-10	5.171244848e-11
55500.200	7.52904152e-10	4.604330808e-11
55540.933	6.68271912e-10	4.126526096e-11
55582.077	7.49835856e-10	4.62661584e-11
55621.429	7.39891768e-10	4.40603548e-11
55661.333	6.99730416e-10	4.43677696e-11
55702.125	7.49564816e-10	4.478409936e-11
59867.889	7.32999344e-10	7.29549128e-11
59915.482	8.50809344e-10	9.29350576e-11
59962.205	6.46296112e-10	6.33433416e-11
60011.104	7.10762976e-10	6.72636888e-11
60056.545	7.57483496e-10	7.38367168e-11
60100.814	7.89992896e-10	7.5808964e-11
60147.848	6.46066344e-10	6.2739908e-11
60195.054	8.15409056e-10	7.69923e-11
60238.364	7.8410024e-10	7.54891984e-11
60284.527	6.57997032e-10	6.32283344e-11
60332.787	6.71176968e-10	6.31074136e-11
60381.489	6.22126736e-10	5.878942608e-11
60430.997	7.51916088e-10	6.8761924e-11
60474.019	7.27635216e-10	6.70499984e-11
60517.154	7.1123976e-10	6.4781024e-11
60561.336	7.59552024e-10	7.01835904e-11
60608.252	7.09322768e-10	6.23926688e-11
60653.133	7.18847976e-10	6.43193936e-11
60698.497	7.22126328e-10	6.52587936e-11
60743.848	6.86424816e-10	6.20432736e-11
60792.149	6.24980664e-10	5.635168e-11
60841.877	6.62466112e-10	5.915954352e-11
60888.838	6.83176648e-10	6.008361744e-11
60936.263	6.35056576e-10	5.753792968e-11
60985.418	7.29358784e-10	6.46031232e-11
61030.457	6.84459776e-10	5.990707184e-11
61076.897	7.28793912e-10	6.46323216e-11
61122.076	7.37987712e-10	6.4481032e-11
61166.609	6.71693792e-10	6.040460888e-11
61213.703	7.38726296e-10	6.63707968e-11
61257.109	7.21153048e-10	6.52705592e-11
61302.679	6.69691792e-10	6.16955416e-11
61347.271	7.03662344e-10	6.19076304e-11
61396.040	7.09979424e-10	6.50532344e-11
61440.115	7.3599064e-10	6.96129896e-11
61486.029	6.58814464e-10	6.29784848e-11
61533.323	7.11454744e-10	6.6431596e-11
67037.142	6.132819e-10	3.339162288e-11
67083.031	5.461279208e-10	3.134166728e-11
67127.736	6.38002904e-10	3.526958512e-11
67173.007	5.46433272e-10	3.156940248e-11
67220.168	5.949550376e-10	3.260498472e-11
67264.403	5.421555832e-10	3.268040776e-11
67307.776	5.88556892e-10	3.325724248e-11
67354.219	5.619107032e-10	3.09281588e-11
67397.425	5.39976052e-10	3.515968456e-11
67438.362	5.648128024e-10	3.170552e-11
67483.820	5.978960064e-10	3.393444208e-11
67530.373	5.59761664e-10	3.149112736e-11
67578.220	5.741485904e-10	3.17396464e-11
67625.172	5.610507056e-10	3.241390152e-11
67670.682	5.08169508e-10	3.607756152e-11
67717.922	5.9485118e-10	3.190333608e-11
67764.344	5.962164824e-10	3.197656e-11
67810.520	5.76288944e-10	3.171955248e-11
67856.900	5.73449492e-10	3.26189864e-11
67901.944	6.24319696e-10	3.34838196e-11
73069.996	5.145282912e-10	6.24900584e-11
73117.722	5.292596232e-10	7.5219452e-11
73176.281	4.817589392e-10	9.15655664e-11
73240.724	4.150782944e-10	7.86245152e-11
73306.643	5.002207056e-10	9.35407704e-11
73367.050	5.06368016e-10	9.5297664e-11
73428.908	4.785649176e-10	8.96685328e-11
73488.537	5.191865448e-10	9.7733328e-11
83827.029	5.21321724e-10	7.87859688e-11
83884.946	4.389057904e-10	6.69504528e-11
83941.951	5.27797732e-10	7.29702512e-11
83995.890	4.821894616e-10	6.84469632e-11
84052.812	4.74342484e-10	6.7276748e-11
84107.997	4.848386928e-10	6.88762536e-11
84164.259	4.699046352e-10	6.57032376e-11
84222.253	4.242813344e-10	6.142245032e-11
84282.820	4.62770308e-10	6.74414048e-11
84340.564	4.725121632e-10	7.0187656e-11
84396.527	4.191543048e-10	6.25098936e-11
84461.869	3.803001664e-10	5.634171312e-11
84523.711	4.730464816e-10	7.05673584e-11
84585.355	3.863284656e-10	5.859269416e-11
84651.032	4.472291208e-10	6.74811368e-11
84713.041	4.27853888e-10	6.5466324e-11
84775.186	4.684891904e-10	7.23875152e-11
84830.963	4.886733544e-10	7.53895296e-11
84890.212	5.345206328e-10	8.29744608e-11
84948.717	4.538545704e-10	7.11885328e-11
85010.515	4.455327184e-10	7.0378e-11
85069.451	5.1869972e-10	8.41599528e-11
88636.286	3.545915296e-10	2.492302736e-11
88685.567	3.734248056e-10	2.482089456e-11
88730.502	4.089717632e-10	2.81788276e-11
88774.678	3.694323248e-10	2.63160436e-11
88822.717	3.711585416e-10	2.557343712e-11
88868.967	3.89968964e-10	2.651842424e-11
88916.006	3.616057984e-10	2.45093156e-11
88964.257	3.799884088e-10	2.5755268e-11
89008.870	4.16217956e-10	2.802721152e-11
89054.550	4.034095912e-10	2.69884692e-11
89100.722	3.663335984e-10	2.45878864e-11
89147.225	4.312506968e-10	2.793599424e-11
89191.374	4.027708608e-10	2.703350496e-11
89233.670	4.0962768e-10	2.803871224e-11
89281.928	3.478667808e-10	2.37331248e-11
89330.041	4.037312048e-10	2.727524184e-11
89376.198	3.63534248e-10	2.464002464e-11
89424.407	3.969061096e-10	2.638165376e-11
89498.892	3.951690512e-10	8.83624896e-11
89520.455	2.76566136e-10	6.40861144e-11
89544.400	4.513688256e-10	1.00929136e-10
89565.402	3.239313616e-10	7.06876016e-11
89594.892	2.472936928e-10	5.488140504e-11
89621.375	3.077294528e-10	7.00396928e-11
89650.531	2.904645128e-10	6.55718448e-11
89678.632	2.893393272e-10	6.16873488e-11
89707.841	2.9580936e-10	6.5648352e-11
89732.324	3.892199696e-10	8.70322376e-11
89748.877	5.973817696e-10	1.245627152e-10
89774.544	3.20629232e-10	6.33504256e-11
94517.322	2.679264896e-10	6.082102488e-11
94588.936	2.340606576e-10	5.778376912e-11
94659.769	3.897084576e-10	8.71414544e-11
94727.089	2.526695248e-10	6.147237096e-11
94782.753	4.139213848e-10	9.64766264e-11
94843.805	2.637891256e-10	6.063031744e-11
94905.111	3.980335744e-10	9.14856096e-11
94977.821	2.740911096e-10	6.47943912e-11
95045.115	3.36934752e-10	7.0255724e-11
95099.929	3.611391168e-10	8.30056304e-11
95158.225	4.231810968e-10	9.59298032e-11
95195.458	3.74341044e-10	8.72512256e-11
95258.392	4.018005992e-10	9.10831152e-11
95312.799	2.999945872e-10	6.80049832e-11
95375.358	3.382325408e-10	7.99572312e-11
95432.148	3.307838072e-10	7.60286296e-11
95507.242	2.351463576e-10	5.330469144e-11
95578.576	3.416379736e-10	8.31176192e-11
95631.982	3.272928736e-10	7.62852552e-11
95699.178	3.636428488e-10	8.35810976e-11
95751.707	3.58111908e-10	8.34685544e-11
95814.802	3.521458248e-10	7.78521744e-11
95856.890	4.036665248e-10	9.15060608e-11
95920.073	2.597738528e-10	6.140981e-11
96002.731	3.11232152e-10	6.97185104e-11
96098.042	3.36183848e-10	6.00478648e-11
100146.535	2.451642424e-10	5.755280608e-11
100313.024	2.659681024e-10	6.29574792e-11
100456.572	3.5843038e-10	8.27701952e-11
100566.640	3.114408528e-10	7.37214016e-11
100703.297	3.528680232e-10	7.81832128e-11
100850.717	2.825014808e-10	6.47079048e-11
100988.743	2.809450952e-10	6.59524096e-11
101129.659	3.177689592e-10	7.37873136e-11
105636.766	3.329155368e-10	7.97355944e-11
105679.390	2.363283384e-10	5.374261816e-11
105742.204	2.477974576e-10	5.494834576e-11
105796.105	2.215031896e-10	5.123804224e-11
105848.007	2.835470176e-10	6.67331896e-11
105888.375	3.321159688e-10	7.426342e-11
105932.082	3.261349784e-10	7.2838612e-11
105978.666	3.535100184e-10	7.4799032e-11
106023.769	1.91644684e-10	4.590024824e-11
106097.861	2.13384556e-10	4.93600492e-11
106136.928	3.927308e-10	8.70868768e-11
106188.500	1.740644136e-10	4.096629152e-11
106244.790	3.716955704e-10	8.452598e-11
106293.249	2.749804904e-10	6.23947632e-11
106347.899	1.95386576e-10	4.33263908e-11
106418.296	2.341892784e-10	5.325618144e-11
106459.291	3.335980648e-10	7.85127728e-11
106505.174	2.008782776e-10	4.491774672e-11
106570.096	2.290286768e-10	5.24727588e-11
106626.529	2.527631568e-10	5.846909376e-11
106686.579	1.956869992e-10	4.526625488e-11
106738.606	2.504627664e-10	5.600518616e-11
106785.745	4.002357128e-10	9.10162176e-11
106839.650	1.668511768e-10	3.926865096e-11
106889.422	3.740232496e-10	8.36341352e-11
106927.157	3.475274264e-10	7.77095088e-11
106980.562	1.824337592e-10	4.369416744e-11
107072.297	2.03001876e-10	3.744489672e-11
111947.788	3.046525944e-10	6.81223928e-11
112020.749	2.133040448e-10	4.923381848e-11
112087.056	2.0915048e-10	4.703974352e-11
112167.177	2.305996616e-10	5.238326016e-11
112243.899	1.580589472e-10	3.534304928e-11
112335.292	1.711398304e-10	3.95016776e-11
112434.207	1.836469712e-10	4.451996472e-11
112507.544	1.813969696e-10	4.0561598e-11
112579.381	2.53043252e-10	5.65821872e-11
112669.312	1.947467368e-10	4.401105016e-11
112740.350	2.252928832e-10	5.037701592e-11
112816.947	1.31325656e-10	3.237451448e-11
112922.132	1.895178824e-10	4.445588224e-11
112995.471	2.077151384e-10	4.718478688e-11
113099.952	2.264411072e-10	5.226605384e-11
113223.124	1.464519056e-10	3.274764416e-11
113351.635	2.291319184e-10	4.60435976e-11
117076.366	1.595802208e-10	3.632623456e-11
117139.276	2.026446576e-10	4.422068112e-11
117208.000	1.491870688e-10	3.458037968e-11
117283.028	1.621738272e-10	3.662114456e-11
117348.034	1.854703928e-10	4.147243408e-11
117398.934	3.452449616e-10	8.00250528e-11
117455.473	1.712471376e-10	3.898203848e-11
117508.879	2.221039744e-10	4.966395896e-11
117567.802	2.21423664e-10	4.951184392e-11
117613.560	2.313451448e-10	5.26625176e-11
117654.949	2.849801416e-10	6.32542064e-11
117706.581	1.883757568e-10	4.366401424e-11
117777.538	1.569645e-10	3.638312216e-11
117846.365	2.0226976e-10	4.604391792e-11
117888.864	3.62923484e-10	8.1152148e-11
117937.439	1.825742072e-10	3.984095192e-11
117992.541	1.989386168e-10	4.61124048e-11
118049.553	2.675841784e-10	6.04243024e-11
118111.639	1.733831792e-10	3.8769654e-11
118175.700	1.45500124e-10	3.3121088e-11
118243.901	2.132497136e-10	4.768408568e-11
118318.791	1.679859104e-10	3.728616584e-11
118388.638	1.409568776e-10	3.183006288e-11
118475.200	2.639768824e-10	4.399614296e-11
124777.347	2.372722352e-10	5.17770484e-11
124813.084	2.192783208e-10	4.845950648e-11
124846.477	1.928254328e-10	4.311708016e-11
124890.355	1.713599272e-10	3.907714272e-11
124934.359	2.049932808e-10	4.674693408e-11
124982.469	1.70578716e-10	3.722332152e-11
125014.342	2.781854152e-10	6.22041728e-11
125047.063	1.813414064e-10	4.135333048e-11
125090.941	2.023328384e-10	4.6140248e-11
125137.473	2.009392e-10	3.486003752e-11
129117.917	2.00219712e-10	4.477049192e-11
129159.161	1.601830384e-10	3.72797348e-11
129203.587	2.218116208e-10	4.729039392e-11
129243.533	2.026639384e-10	4.531703176e-11
129296.358	1.411689664e-10	3.23954708e-11
129337.307	1.655682336e-10	3.776479168e-11
129382.176	1.936557392e-10	4.203927112e-11
129430.271	1.640542904e-10	3.561330696e-11
129472.896	2.356094664e-10	5.114668944e-11
129509.309	1.733241664e-10	4.033810088e-11
129553.940	1.656476976e-10	3.778292672e-11
129599.572	1.274191072e-10	2.965452336e-11
129655.540	1.830484656e-10	4.07069124e-11
129695.592	1.931746432e-10	4.193482216e-11
129742.580	1.386462e-10	3.14290592e-11
129799.783	1.754751768e-10	4.002448912e-11
129830.456	3.172565704e-10	6.92310696e-11
129888.791	1.650160512e-10	2.743388648e-11
134221.120	1.500798992e-10	3.417308664e-11
134251.333	1.143980992e-10	2.653145264e-11
134303.486	1.154446216e-10	2.677416896e-11
134337.962	2.148274744e-10	4.803688736e-11
134368.699	1.540745976e-10	3.339457968e-11
134399.243	2.08586532e-10	4.520966296e-11
134437.764	1.129206232e-10	2.488629528e-11
134489.779	9.69089968e-11	2.166951864e-11
134549.573	9.6416628e-11	2.140629568e-11
134593.207	1.633957248e-10	3.653640144e-11
134625.987	1.482649784e-10	3.291759856e-11
134662.283	1.876308896e-10	4.094441736e-11
134701.087	1.275611568e-10	2.83209696e-11
134744.113	1.322619144e-10	2.91488736e-11
134791.786	9.61497152e-11	2.149973672e-11
134836.918	1.239064288e-10	2.77063248e-11
134874.904	1.409353176e-10	3.151409184e-11
134931.471	1.290887136e-10	2.195306344e-11
142063.790	3.008165776e-10	6.84916232e-11
142093.573	2.005785936e-10	4.452967904e-11
142133.368	1.620688608e-10	3.690076544e-11
142175.992	1.821767024e-10	4.224571736e-11
142224.909	1.579089512e-10	3.445855336e-11
142277.443	1.377355056e-10	3.16696996e-11
142356.633	9.32912904e-11	1.881373648e-11
145898.521	1.296465632e-10	3.049303488e-11
145990.053	2.088728488e-10	4.630775688e-11
146049.089	2.566931752e-10	5.836157096e-11
146116.284	1.691335184e-10	3.845406488e-11
146206.039	1.62697612e-10	3.607056376e-11
146296.304	2.056747e-10	4.488189552e-11
146386.949	1.435069944e-10	3.557355032e-11
146492.755	1.020868464e-10	2.401094696e-11
146591.422	1.852871944e-10	4.212675544e-11
146674.914	1.25277768e-10	3.105475296e-11
146797.020	1.203516776e-10	2.880029768e-11
146890.776	1.362123224e-10	3.170513192e-11
146987.830	1.783218976e-10	4.054314264e-11
147088.747	1.097078136e-10	2.67169056e-11
147183.652	1.621153688e-10	3.625009696e-11
147283.613	1.320893112e-10	2.948362032e-11
152296.619	1.186573696e-10	2.752369312e-11
152361.810	1.268895936e-10	2.998899904e-11
152417.723	1.5278956e-10	3.751611248e-11
152479.403	1.168223056e-10	2.612225616e-11
152549.942	1.4166152e-10	2.981188672e-11
152595.242	2.063755232e-10	4.69952868e-11
152634.857	1.655684184e-10	3.702222216e-11
152686.006	1.133075944e-10	2.628276112e-11
152775.141	9.04326192e-11	2.097669728e-11
152853.996	8.756748e-11	2.109185848e-11
152931.724	1.283268448e-10	2.976661688e-11
152991.649	9.68313192e-11	2.24609308e-11
153069.705	1.452584672e-10	3.282394192e-11
153115.387	1.819776112e-10	4.221141232e-11
153163.550	1.228199896e-10	2.825159568e-11
153235.110	9.7686204e-11	2.224485032e-11
153296.165	2.87064316e-10	6.41895408e-11
153336.031	1.50559024e-10	3.366602008e-11
153427.533	6.99413792e-11	1.638075824e-11
153505.902	1.363605936e-10	3.105167912e-11
153570.089	9.79550264e-11	2.315061672e-11
153635.733	1.784974576e-10	3.84232156e-11
153705.145	1.082692072e-10	2.2007524e-11
158321.245	1.361989552e-10	3.162572952e-11
158386.310	1.64990672e-10	3.831123912e-11
158453.256	1.540808192e-10	3.510505768e-11
158501.737	1.88159664e-10	4.105980648e-11
158595.581	1.11443332e-10	2.520787192e-11
158649.830	1.631649712e-10	3.648479296e-11
158712.352	1.730806616e-10	4.139022272e-11
158787.482	1.272393584e-10	3.071318096e-11
158841.891	1.839081552e-10	4.190076968e-11
158902.192	1.370047448e-10	3.121452488e-11
158959.622	2.14603928e-10	4.68304144e-11
159011.762	1.513139936e-10	3.513548808e-11
159075.323	1.8502638e-10	4.137316568e-11
159139.134	1.346080736e-10	3.009927536e-11
159217.237	1.25787508e-10	2.92081636e-11
159312.762	7.50715504e-11	1.71039484e-11
159447.768	1.141339584e-10	1.99575068e-11
163873.269	8.39739208e-11	1.911398104e-11
163939.212	1.228061296e-10	2.846093712e-11
163990.988	1.274438704e-10	2.849731808e-11
164049.283	1.000582968e-10	2.237371136e-11
164125.506	9.03189672e-11	2.01959296e-11
164186.184	1.624013776e-10	3.696550088e-11
164254.006	7.50883056e-11	1.772260336e-11
164316.231	1.694405944e-10	3.760622712e-11
164376.883	9.33234456e-11	2.071252568e-11
164456.097	9.76706192e-11	2.26356592e-11
164518.529	1.08063648e-10	2.41637704e-11
164578.455	1.483150592e-10	3.500583856e-11
164622.333	1.21228492e-10	2.86127688e-11
164679.375	1.327235448e-10	2.96778944e-11
164733.658	9.8889252e-11	2.334018456e-11
164799.601	1.436938888e-10	3.270734544e-11
164860.277	8.3089776e-11	1.961113616e-11
164935.498	1.064764008e-10	2.423595944e-11
165000.062	1.25744696e-10	2.811736928e-11
165044.943	1.44283524e-10	3.284155336e-11
165102.862	9.5309368e-11	2.208842944e-11
165202.964	1.021446272e-10	1.689193968e-11
168684.093	1.08827796e-10	2.527110432e-11
168746.401	1.85115392e-10	4.217666992e-11
168816.731	1.292955048e-10	2.891135632e-11
168879.414	1.307788944e-10	2.979665304e-11
168938.587	2.241803872e-10	5.012825664e-11
168996.004	1.306550168e-10	3.033965088e-11
169066.210	1.526744912e-10	3.54528328e-11
169137.120	1.142749608e-10	2.478218512e-11
169219.407	1.463374528e-10	3.398128888e-11
169303.878	9.9984808e-11	2.261688352e-11
169376.115	1.54976976e-10	3.668766024e-11
169438.678	1.488513488e-10	3.306720648e-11
169513.515	1.10455268e-10	2.516611328e-11
169580.712	1.282455328e-10	2.978013808e-11
169640.262	2.032398984e-10	4.630616144e-11
169711.217	1.007464304e-10	2.339452192e-11
169781.705	1.995939176e-10	4.514877752e-11
169836.268	1.506601712e-10	3.287673928e-11
169916.328	1.130653832e-10	2.451987384e-11
169994.826	1.28390108e-10	2.852176712e-11
170079.598	1.245872936e-10	2.556207192e-11
174503.921	9.68717904e-11	2.254702296e-11
174539.650	7.34808536e-11	1.745646056e-11
174577.808	1.116337992e-10	2.468246704e-11
174619.097	6.60491216e-11	1.468879104e-11
174660.527	7.82114256e-11	1.773076536e-11
174694.958	1.326057656e-10	2.752014496e-11
174716.166	1.370256888e-10	3.063987696e-11
174756.411	9.76297784e-11	1.612116968e-11
215929.359	6.88639952e-11	1.527990464e-11
215995.718	8.00352784e-11	1.387049664e-11
221382.544	6.3309708e-11	1.639989736e-11
221469.698	6.30317072e-11	1.429506232e-11
221545.646	9.40076368e-11	2.102074128e-11
221618.234	9.45746032e-11	2.202140248e-11
221680.916	7.0343812e-11	1.60487712e-11
221773.800	6.22665736e-11	1.440197528e-11
221855.551	5.971828632e-11	1.480918208e-11
221947.320	7.46426296e-11	1.70295356e-11
222028.114	6.93207592e-11	1.669076024e-11
222118.139	6.53397976e-11	1.573224576e-11
222198.494	7.48641432e-11	1.665239576e-11
222275.266	8.2308996e-11	1.90376956e-11
222368.404	6.94923768e-11	1.2550076e-11
227069.836	9.21852008e-11	2.06132388e-11
227128.256	6.64812456e-11	1.48656508e-11
227193.918	9.97449376e-11	2.221224544e-11
227237.856	1.136611784e-10	2.480290736e-11
227283.585	9.24744128e-11	2.067790648e-11
227338.996	6.65006496e-11	1.552232528e-11
227402.432	7.32082736e-11	1.672245344e-11
227461.103	8.44675832e-11	1.888752712e-11
227517.960	1.009038184e-10	2.247031248e-11
227567.151	7.96865608e-11	1.774543232e-11
227613.173	1.047442704e-10	2.444900304e-11
227664.340	1.145537624e-10	2.551002608e-11
227708.039	1.016924832e-10	2.264594024e-11
227758.598	9.15084016e-11	2.090262944e-11
227831.433	4.104286032e-11	9.7926752e-12
227918.439	7.42661304e-11	1.73349176e-11
227990.566	8.48894816e-11	1.594641048e-11
243569.994	6.71962984e-11	1.502554592e-11
243609.317	6.49453112e-11	1.417223192e-11
243660.508	4.97973476e-11	1.193465504e-11
243715.293	6.136546416e-11	1.372173264e-11
243754.742	8.03522104e-11	1.753429216e-11
243799.664	4.940578104e-11	1.130181976e-11
243850.855	8.19839328e-11	1.78903648e-11
243898.578	5.442719128e-11	1.3044262e-11
243957.625	6.42794768e-11	1.186197936e-11
249007.638	5.438227256e-11	1.270058944e-11
249055.688	5.291182512e-11	1.203407744e-11
249108.261	6.047448792e-11	1.314845224e-11
249149.427	8.73909344e-11	1.9541214e-11
249198.964	4.578812392e-11	9.99178488e-12
249244.830	9.93206984e-11	2.269321208e-11
249279.556	5.905670232e-11	1.410232208e-11
249326.694	5.487992048e-11	1.253919744e-11
249382.231	6.26760904e-11	1.401480696e-11
249422.587	5.834370696e-11	1.320296208e-11
249484.053	5.7095808e-11	1.161770456e-11
261642.312	8.95044304e-11	2.090487784e-11
261712.141	4.908507296e-11	1.146442528e-11
261807.974	5.3447086e-11	1.166310992e-11
261894.298	6.7476948e-11	1.373047984e-11
278117.953	3.106332152e-11	7.08687672e-12
278189.663	5.331953088e-11	1.241477776e-11
278248.943	4.247685288e-11	9.824122e-12
278309.513	5.697607608e-11	1.299869032e-11
278359.409	5.57136272e-11	1.297220848e-11
278413.316	5.492356408e-11	1.22812844e-11
278470.985	4.950965096e-11	1.107069656e-11
278532.665	3.87416876e-11	9.2088304e-12
278601.401	4.696817664e-11	1.108145192e-11
278673.917	3.716076672e-11	7.92270248e-12
278739.268	5.04325668e-11	1.174258624e-11
278801.748	3.853362128e-11	9.2770216e-12
278871.780	6.067760776e-11	1.384317088e-11
278929.419	4.297203064e-11	8.83108072e-12
289938.927	4.357854424e-11	9.952096e-12
290015.777	4.44335584e-11	1.036676256e-11
290084.603	4.79336088e-11	1.071828296e-11
290186.159	5.641111784e-11	9.48787224e-12
300360.795	4.00822268e-11	8.96265832e-12
300427.615	5.010774384e-11	1.168304984e-11
300501.330	3.12619692e-11	6.99038648e-12
300588.083	3.523225552e-11	8.44614232e-12
300651.017	4.535036352e-11	1.014064744e-11
300715.455	3.669641976e-11	9.01037368e-12
300773.876	5.492140808e-11	1.256462592e-11
300832.846	5.08748548e-11	1.134594384e-11
300895.290	3.748223248e-11	9.36675432e-12
300966.563	3.989597304e-11	8.92101056e-12
301035.389	4.065219928e-11	9.51847512e-12
301086.682	5.81652764e-11	1.297182656e-11
301136.309	5.8311484e-11	1.33401884e-11
301199.995	3.531827992e-11	8.8857384e-12
301281.357	3.133723824e-11	7.16916816e-12
301356.327	4.681786032e-11	1.046879064e-11
301429.164	3.302921776e-11	7.91801472e-12
301488.588	5.483740416e-11	1.254540672e-11
301532.842	7.5197892e-11	1.802701824e-11
301580.983	4.340183848e-11	1.035233584e-11
301661.342	2.990249416e-11	7.00149296e-12
301737.189	3.823988784e-11	8.74831496e-12
301811.775	3.394108872e-11	7.56942648e-12
301896.279	3.468539536e-11	8.72651472e-12
301972.483	3.79432284e-11	8.65080832e-12
306121.027	4.299514912e-11	1.006706624e-11
306183.961	3.984894144e-11	8.91049544e-12
306242.256	6.47887856e-11	1.482203184e-11
306284.558	5.992770168e-11	1.36631264e-11
306345.558	5.152095872e-11	1.178669184e-11
306388.433	5.456733744e-11	1.220162944e-11
306435.445	6.58791056e-11	1.473101784e-11
306493.614	3.661632128e-11	8.57350032e-12
306556.172	3.402940464e-11	7.78506344e-12
306628.133	5.909365e-11	1.383643184e-11
306683.795	4.02895108e-11	9.21722032e-12
306758.639	4.163760832e-11	9.52562688e-12
306814.677	5.17341132e-11	1.18354544e-11
306876.232	3.70435604e-11	8.67353256e-12
306947.690	3.972231648e-11	9.30074992e-12
307016.576	3.510274152e-11	8.0031952e-12
307103.645	3.286792432e-11	7.69583584e-12
307179.868	2.735893776e-11	6.55869368e-12
307267.750	3.209132696e-11	7.5139988e-12
307344.224	5.345874072e-11	1.251705224e-11
307403.772	4.197613112e-11	9.60307656e-12
307472.222	3.081471624e-11	7.0496272e-12
307539.920	5.435006192e-11	1.302921312e-11
307591.822	5.565925904e-11	1.24457872e-11
307654.869	4.656492456e-11	1.016130192e-11
307723.492	4.211525472e-11	8.50396008e-12
312490.503	3.396938776e-11	8.04654928e-12
312572.264	2.894280312e-11	6.93171248e-12
312663.280	3.029958008e-11	7.0899752e-12
312721.701	8.47142296e-11	1.894267144e-11
312777.841	3.665705736e-11	8.17269992e-12
312840.423	6.087899048e-11	1.392321392e-11
312889.817	5.773331256e-11	1.320378752e-11
312935.922	5.898833248e-11	1.344084896e-11
312984.092	5.152757456e-11	1.178451736e-11
313051.038	3.92885416e-11	9.19335648e-12
313138.292	2.76417064e-11	7.11449816e-12
313215.894	3.707430496e-11	8.67523272e-12
313291.866	2.966149648e-11	6.94066912e-12
313376.363	3.718984192e-11	8.50543232e-12
313466.954	3.443884752e-11	6.35252464e-12
386306.083	3.883800536e-11	9.30641712e-12
386401.986	2.017570016e-11	5.072163712e-12
386512.309	3.071648888e-11	7.02614528e-12
386572.360	5.497346624e-11	1.196464192e-11
386631.407	3.499700512e-11	8.00527728e-12
386704.621	4.219710264e-11	9.65223952e-12
386767.680	4.171488552e-11	9.54193856e-12
386848.665	2.298839312e-11	5.25840392e-12
386938.428	3.848873952e-11	9.00928952e-12
387003.117	4.006816968e-11	9.83238256e-12
387088.366	2.670314416e-11	6.25056432e-12
387184.396	2.842419888e-11	6.81104424e-12
387256.608	5.932889424e-11	1.357099128e-11
387344.238	2.452897216e-11	5.741641752e-12
387425.099	2.827311256e-11	6.61805144e-12
387529.152	2.209907392e-11	5.295411968e-12
387637.792	3.259592336e-11	7.26843656e-12
387734.879	2.519982696e-11	6.038419464e-12
387855.314	3.260646928e-11	5.352826864e-12
392118.948	2.588088888e-11	6.03188124e-12
392192.162	4.14935136e-11	9.27822896e-12
392282.049	3.271190384e-11	7.4665668e-12
392345.155	4.264134336e-11	9.48906112e-12
392417.390	4.321576336e-11	9.43045488e-12
392505.074	2.75882376e-11	6.16891968e-12
392607.999	2.3762046e-11	5.538056832e-12
392717.193	2.839922624e-11	6.48218648e-12
392817.361	2.973353768e-11	6.64862352e-12
392900.604	3.365621952e-11	7.68211136e-12
392989.237	3.036721072e-11	6.931386e-12
393095.046	3.114379576e-11	6.96396624e-12
393170.141	3.381535696e-11	7.56134456e-12
393269.712	3.411897104e-11	7.44537024e-12
393394.359	2.754152632e-11	6.69859344e-12
393542.450	3.333432256e-11	7.4757144e-12
403566.899	2.772891352e-11	6.57437704e-12
403676.218	1.579739392e-11	3.532405184e-12
403803.589	2.492602728e-11	5.68081668e-12
403924.066	1.515820152e-11	3.389477168e-12
404088.025	1.369631648e-11	3.103624832e-12
404217.046	1.56478476e-11	3.498965008e-12
404380.070	3.025907192e-11	6.84858328e-12
404530.942	1.344297416e-11	2.599646896e-12
478482.908	2.095238992e-11	4.685096416e-12
478599.625	2.534219688e-11	5.928127128e-12
478716.717	2.478671272e-11	5.667928728e-12
478793.065	3.181872848e-11	7.11488624e-12
478917.427	2.130492056e-11	4.763924704e-12
479035.773	2.759877736e-11	6.31095696e-12
479138.323	1.522261048e-11	3.321845912e-12
479281.767	2.557999136e-11	4.198619656e-12
484201.046	2.32814736e-11	5.205894848e-12
484324.031	3.15818272e-11	7.32968544e-12
484461.432	2.602431832e-11	5.819214632e-12
484581.156	2.657159736e-11	6.05244024e-12
484707.077	1.358496832e-11	2.964483368e-12
484808.804	1.71878476e-11	3.89551932e-12
484886.531	2.231461848e-11	4.96194776e-12
484980.323	1.693238008e-11	3.786195336e-12
485059.417	2.2858682e-11	5.082928312e-12
485127.378	1.90707132e-11	4.528644736e-12
485216.065	1.761592448e-11	3.989452544e-12
485333.478	2.170298592e-11	5.141036824e-12
485478.978	2.429853272e-11	5.64478992e-12
485669.069	2.125271456e-11	4.039353472e-12
491272.349	1.979153176e-11	4.727249912e-12
491359.676	2.271970008e-11	3.814402592e-12
513328.271	2.613119432e-11	5.70229352e-12
513448.688	2.333056264e-11	5.326404776e-12
513542.462	2.54652244e-11	5.694196816e-12
513650.026	1.830108896e-11	4.092247544e-12
513740.666	2.436861504e-11	5.44898816e-12
513802.096	2.381472632e-11	5.325133968e-12
513877.441	2.256535512e-11	5.045767496e-12
513974.491	1.946200872e-11	3.289679624e-12
570108.694	1.934395232e-11	4.413300584e-12
570201.089	1.603755384e-11	3.5861056e-12
570297.119	1.392685448e-11	3.178687512e-12
570404.056	1.603820064e-11	3.58625036e-12
570495.197	1.523443768e-11	3.406523736e-12
570576.560	2.756579056e-11	6.16389928e-12
570683.162	1.3160224e-11	2.928439976e-12
570794.196	3.61522392e-11	8.08388504e-12
570917.680	1.57619308e-11	3.667155184e-12
571092.512	2.317440664e-11	4.379551176e-12
604486.042	1.82661248e-11	4.084430504e-12
604644.128	2.040196312e-11	4.661153728e-12
604799.956	2.135392336e-11	4.986245264e-12
604965.441	1.203071408e-11	2.625316848e-12
605086.419	2.291988776e-11	5.125043e-12
605199.750	1.499996344e-11	3.514365008e-12
605352.320	1.039007816e-11	2.323292048e-12
605462.142	1.772380456e-11	3.963163512e-12
605520.437	3.012976736e-11	6.7372228e-12
605617.721	1.401364272e-11	3.133546416e-12
605695.072	2.15204836e-11	4.812126088e-12
605772.298	1.882994344e-11	4.210502912e-12
605932.622	1.280606712e-11	2.12668764e-12
633104.793	1.923876416e-11	4.30191916e-12
633267.769	2.29071612e-11	5.235989528e-12
633498.621	1.710925832e-11	3.275151264e-12
656023.731	2.014380984e-11	4.504293024e-12
656123.522	1.943927832e-11	4.346755336e-12
656225.444	1.490073816e-11	3.331906424e-12
656424.775	7.77770224e-12	1.813402976e-12
656596.527	1.368020192e-11	3.123139712e-12
656827.724	1.2583494e-11	2.036034616e-12
661759.195	1.671021968e-11	3.736519248e-12
661863.625	1.544988984e-11	3.45470048e-12
661982.222	1.589804832e-11	3.554911976e-12
662081.637	1.41607312e-11	3.234299992e-12
662204.621	1.069865104e-11	2.392290824e-12
662345.031	1.324549688e-11	3.025261624e-12
662513.146	9.13302544e-12	2.04220632e-12
662662.709	1.1717552e-11	2.67627976e-12
685320.642	1.167084688e-11	2.024858528e-12
724406.508	1.026761736e-11	2.344490456e-12
724560.833	1.018156216e-11	2.276667008e-12
724771.680	8.86366712e-12	1.848202664e-12
741987.133	1.187562376e-11	2.711558696e-12
742106.231	1.399221824e-11	3.128755168e-12
742226.582	1.149950648e-11	2.625679672e-12
742371.630	8.42323328e-12	1.9232752e-12
742520.064	1.174540136e-11	2.681824992e-12
742686.048	1.05365568e-11	2.356046e-12
742823.576	1.331137192e-11	2.976513848e-12
742952.392	1.208426296e-11	2.690003624e-12
743118.938	9.32093008e-12	2.173858456e-12
743244.451	1.440196296e-11	2.991381624e-12
747727.718	1.026482688e-11	2.348538808e-12
747884.424	8.47765072e-12	1.89565992e-12
748061.275	1.12035e-11	2.444804824e-12
748205.989	8.20859424e-12	1.83549828e-12
748364.077	1.786697528e-11	4.184192936e-12
748477.031	1.11919808e-11	2.502603488e-12
748609.185	1.492590792e-11	3.2571e-12
748737.919	1.175693904e-11	2.689926624e-12
748852.879	1.581263992e-11	3.535813512e-12
748987.021	1.450595608e-11	3.316114648e-12
749150.662	1.382570112e-11	2.26996616e-12
770985.424	1.22643752e-11	2.742397504e-12
771111.543	1.242436888e-11	2.778172936e-12
771265.867	9.91530848e-12	2.217130608e-12
771492.529	7.2357824e-12	1.650995808e-12
771656.885	1.5955786e-11	3.637696216e-12
771857.252	5.711635776e-12	1.398063128e-12
772071.665	1.147601224e-11	2.208559584e-12
782713.359	8.00144576e-12	1.830957744e-12
782915.073	8.58165e-12	1.918915152e-12
783107.718	9.78291776e-12	2.081197272e-12
827831.931	8.41670368e-12	1.882032152e-12
828067.243	7.39587464e-12	1.733650072e-12
828222.698	1.009487248e-11	2.257282104e-12
828396.580	8.88283088e-12	2.0822032e-12
828575.979	7.26746944e-12	1.625056048e-12
828797.125	7.5424272e-12	1.76800316e-12
828996.082	9.00075176e-12	1.918966896e-12
829148.277	9.8654248e-12	2.20597608e-12
829319.647	9.5479076e-12	2.130468648e-12
845151.987	1.20396892e-11	2.798921664e-12
845341.041	9.86242488e-12	2.257858064e-12
845518.183	6.80392328e-12	1.557659488e-12
845726.041	8.06101912e-12	1.80249916e-12
845952.829	6.895504e-12	1.578625048e-12
846114.176	9.7844516e-12	2.240007e-12
846280.789	1.076142144e-11	2.406327e-12
846405.904	1.448960744e-11	3.315794944e-12
846535.315	1.003782472e-11	2.136291696e-12
851162.209	7.37794904e-12	1.720606272e-12
851351.748	5.965382192e-12	1.44681768e-12
851568.087	7.84830816e-12	1.79562768e-12
851745.481	1.318568944e-11	2.948409464e-12
851895.168	9.69286472e-12	2.167390456e-12
852100.787	7.03309992e-12	1.5347486e-12
890525.217	5.336597728e-12	1.377903912e-12
890739.303	9.02842864e-12	2.100972104e-12
890938.852	9.80018424e-12	2.164863008e-12
919077.634	7.27496616e-12	1.664828088e-12
919323.854	5.917381624e-12	1.522862264e-12
941793.927	9.01369392e-12	2.015523664e-12
941976.963	8.1994836e-12	1.833459936e-12
942178.635	5.549192264e-12	1.523355064e-12
942382.020	7.16042712e-12	1.601120136e-12
942586.242	6.43641768e-12	1.472256632e-12
942835.971	6.041103376e-12	1.482350408e-12
943165.591	6.72165648e-12	1.183984032e-12
947773.385	7.21443184e-12	1.64594892e-12
948218.441	9.22119352e-12	2.125305952e-12
948713.652	5.999688464e-12	1.391003152e-12
953318.823	8.51907056e-12	1.904922096e-12
953541.348	5.494258616e-12	1.581400128e-12
953737.588	5.516083496e-12	1.543912832e-12
954123.069	6.76982152e-12	1.149322328e-12
1005156.806	5.050665928e-12	9.86925016e-13
1039401.200	9.20346504e-12	2.106506864e-12
1039585.821	6.980512e-12	1.557466064e-12
1039790.085	4.99082276e-12	1.372412272e-12
1040030.787	6.20427192e-12	1.454074776e-12
1040252.937	5.58216428e-12	1.441308792e-12
1040474.665	4.237939552e-12	1.081182872e-12
1044925.610	4.833203144e-12	1.247927912e-12
1045185.746	6.79427056e-12	1.582130704e-12
1045404.776	6.156893512e-12	1.493265928e-12
1045642.874	5.287210544e-12	1.441383328e-12
1045810.573	8.54576184e-12	1.949760736e-12
1046036.523	4.919524456e-12	1.270216024e-12
1046305.365	7.48415976e-12	1.440326888e-12
1050603.639	5.105483152e-12	1.353902088e-12
1051160.479	3.065159944e-12	5.612586672e-13
1068138.066	5.762688008e-12	1.487919664e-12
1068338.401	6.71924792e-12	1.576043392e-12
1068633.650	4.971700888e-12	1.083056128e-12
1091898.942	5.536707176e-12	1.476039488e-12
1092157.443	5.06863588e-12	1.301311088e-12
1096420.472	6.28477696e-12	1.434744696e-12
1096644.501	7.20566e-12	1.644971328e-12
1096851.773	5.327739648e-12	1.375616704e-12
1097122.563	3.746048152e-12	9.94387856e-13
1097405.693	5.362175896e-12	1.340544128e-12
1097697.275	5.227341504e-12	1.045468424e-12
1102154.707	6.40259312e-12	1.462300224e-12
1102458.802	3.982429528e-12	1.057774256e-12
1102737.616	4.260555376e-12	1.131646824e-12
1103052.537	4.663766184e-12	1.238743968e-12
1103428.315	5.043491992e-12	9.6762512e-13
1108284.940	4.533185272e-12	1.170463448e-12
1108494.762	9.37470072e-12	2.195709824e-12
1108738.174	3.879961008e-12	8.90124312e-13
1130802.898	5.018993056e-12	1.332619904e-12
1131038.643	5.804551984e-12	1.368145856e-12
1131328.336	8.802794e-12	1.663571448e-12
1176612.539	4.304795264e-12	1.143491888e-12
1176856.250	4.878734784e-12	1.295948808e-12
1177108.822	5.35741052e-12	1.423100448e-12
1177351.030	5.610522456e-12	1.534101184e-12
1177774.740	3.744976312e-12	7.26910184e-13
1182401.364	4.150447224e-12	1.10252296e-12
1182646.414	7.06142976e-12	1.612905448e-12
1182898.414	4.156895512e-12	1.00819488e-12
1188214.475	4.81646396e-12	9.5633692e-13
1211049.355	4.18912648e-12	1.111481448e-12
1211421.773	3.224735976e-12	8.43971128e-13
1212042.453	3.664526712e-12	7.078148e-13
1222388.256	4.11551756e-12	1.062622176e-12
1222806.641	3.025313368e-12	7.9191112e-13
1223244.046	4.95458656e-12	9.83204992e-13
1257506.849	3.756166568e-12	9.96655352e-13
1262498.207	3.681729128e-12	9.75448936e-13
1262811.960	4.869645088e-12	1.324512112e-12
1263007.865	5.483700376e-12	1.41588524e-12
1263230.851	5.030034856e-12	1.298749144e-12
1263452.666	5.00223108e-12	1.3605746e-12
1265323.843	3.786682592e-12	6.45760192e-13
1273923.540	5.665540496e-12	1.381522296e-12
1274255.586	3.074361752e-12	7.93796696e-13
1274581.543	5.284298096e-12	1.436274224e-12
1274763.910	5.747740768e-12	1.562238216e-12
1275225.332	3.032117088e-12	6.76282992e-13
1279628.007	6.023942848e-12	1.55537536e-12
1279883.251	3.745933576e-12	1.082220216e-12
1280167.249	4.730632984e-12	1.221444224e-12
1280493.799	4.39741148e-12	9.08802048e-13
1349489.274	2.807729848e-12	5.454383088e-13
1359725.211	4.640496168e-12	1.152858168e-12
1360041.133	4.766575968e-12	1.23072488e-12
1360275.779	5.73947836e-12	1.434869744e-12
1360569.510	3.259153128e-12	8.96547344e-13
1361057.070	2.855275808e-12	6.37138656e-13
1388577.273	3.091205656e-12	8.11491912e-13
1389062.220	3.425038232e-12	7.29817088e-13
1400082.409	3.773287056e-12	9.74258208e-13
1400430.426	3.836904456e-12	9.90684464e-13
1400744.434	3.712574712e-12	9.85282144e-13
1402079.074	2.04770104e-12	4.742493448e-13
1436038.924	3.197068952e-12	7.87159912e-13
1440927.741	3.94295748e-12	1.018067512e-12
1441283.780	3.486659176e-12	8.7166464e-13
1452044.136	4.043533648e-12	1.01088372e-12
1452298.736	4.718760816e-12	1.218379008e-12
1452603.292	3.478553848e-12	9.50767664e-13
1452912.028	4.187547056e-12	1.112127016e-12
1453288.209	3.390653112e-12	7.9107644e-13
1457749.960	1.58458916e-12	3.047419144e-13
1480179.997	2.909791192e-12	7.61423432e-13
1480602.226	2.7826414e-12	7.58663136e-13
1481163.751	2.74017744e-12	5.736146416e-13
1508987.885	2.074211832e-12	5.514825624e-13
1509609.833	2.836452696e-12	5.831708344e-13
1514620.961	2.119087432e-12	5.728552984e-13
1515121.264	3.55307876e-12	8.01056256e-13
1520332.182	2.025197944e-12	5.408959248e-13
1520884.143	3.084938472e-12	7.7084084e-13
1531716.783	2.946522656e-12	7.60788952e-13
1532162.254	3.66464252e-12	9.462068e-13
1532600.978	3.457179264e-12	8.3462764e-13
1612707.221	2.240563248e-12	5.78510856e-13
1613081.486	4.582143104e-12	1.183104384e-12
1613507.055	3.275739544e-12	6.6173492e-13
1633068.600	1.833278832e-12	3.121818392e-13
1692468.623	3.368437688e-12	8.81210176e-13
1692919.105	3.523164568e-12	9.33992136e-13
1693238.539	4.246637472e-12	1.09647692e-12
1693612.958	4.542364288e-12	1.06396752e-12
1698777.483	2.080228304e-12	5.555601744e-13
1699416.261	2.20760848e-12	5.194644224e-13
1721315.171	1.777106408e-12	4.93432632e-13
1721923.622	2.188089904e-12	5.649623672e-13
1722406.268	2.9385664e-12	7.30863056e-13
1784528.280	1.555173312e-12	3.786165768e-13
1790388.043	2.28550168e-12	5.876503864e-13
1790987.377	2.24142996e-12	4.943442504e-13
1801444.570	1.9752502e-12	5.18623028e-13
1801998.688	1.65408012e-12	4.417324912e-13
1802573.040	3.102341704e-12	8.14552816e-13
1870576.037	1.808226112e-12	3.544081464e-13
1875731.860	2.55101e-12	6.81438912e-13
1876533.921	1.79864916e-12	3.428978784e-13
1881862.267	3.061276064e-12	8.03515944e-13
1882585.146	2.328018e-12	4.562898032e-13
1893303.233	2.840760384e-12	7.33481056e-13
1949761.829	2.148258112e-12	5.724973408e-13
1950270.559	3.171913976e-12	8.47029568e-13
1950695.962	2.829946504e-12	5.774773928e-13
1961381.736	1.699082e-12	4.587159192e-13
1963822.752	2.15792192e-12	3.681726048e-13
2042125.066	1.474495176e-12	3.73763544e-13
2047528.538	1.707851376e-12	3.367911624e-13
2052856.866	2.627858464e-12	7.06873552e-13
2053391.760	2.025628528e-12	5.230149848e-13
2076235.028	2.35197116e-12	4.4357544e-13
2121943.737	1.275211168e-12	2.52511952e-13
2144497.671	2.194517248e-12	5.847322712e-13
2145267.361	1.490495776e-12	3.4194314e-13
2150446.303	1.178964864e-12	2.81382332e-13
2162800.699	1.583944208e-12	4.022721472e-13
2202547.740	1.751575056e-12	3.369481808e-13
2207409.444	3.2840038e-12	8.59661264e-13
2208047.719	2.139663064e-12	5.160548624e-13
2224755.117	1.438252816e-12	3.911256888e-13
2229684.712	8.3415948e-13	1.790297432e-13
2293907.853	1.227485336e-12	2.5745412e-13
2304873.852	2.628009384e-12	6.6543708e-13
2305549.872	1.311305072e-12	3.278263296e-13
2310466.795	2.311668128e-12	6.17671824e-13
2311060.689	1.579164664e-12	4.147348128e-13
2385538.644	1.446368e-12	2.765936712e-13
2397535.133	1.458368296e-12	2.828220472e-13
2402561.904	1.40519148e-12	3.387013784e-13
2448206.091	2.5363954e-12	5.534868416e-13
2471812.258	1.086798944e-12	2.341706752e-13
2477069.494	2.00103596e-12	5.253332392e-13
2478039.350	1.500167592e-12	3.30987272e-13
2482963.881	1.720420856e-12	3.194741088e-13
2557773.950	1.304006704e-12	2.575531728e-13
2563233.279	1.44605384e-12	3.861292512e-13
2563960.481	1.5438038e-12	3.859509808e-13
2569505.339	1.21367708e-12	2.85449164e-13
2648798.530	2.950117016e-12	7.61717264e-13
2649223.437	2.89059232e-12	7.46347448e-13
2649739.227	1.765750448e-12	4.152651888e-13
2655112.369	9.77432456e-13	2.180315368e-13
2662649.384	1.518459096e-12	2.656921344e-13
2728419.879	1.601691784e-12	4.166620304e-13
2741020.367	1.243065208e-12	2.560356568e-13
2752766.502	1.600049528e-12	3.29549528e-13
2809905.986	1.027855136e-12	2.269018752e-13
2821143.415	1.154277432e-12	2.406052264e-13
2827163.211	1.277686872e-12	3.00263656e-13
2900900.765	1.238938008e-12	2.714604816e-13
2913815.764	6.162772e-13	1.59054896e-13
2992757.041	1.226066072e-12	2.579618888e-13
2998400.703	9.9810788e-13	2.38499492e-13
3004003.228	1.28345448e-12	3.088479856e-13
3078019.713	2.018044336e-12	5.210567208e-13
3078816.948	1.563949464e-12	3.669676472e-13
3089945.302	1.046854424e-12	2.628141824e-13
3095405.523	1.18879992e-12	2.911618248e-13
3158569.844	9.20371144e-13	2.167690448e-13
3170125.610	1.351338296e-12	2.6218808e-13
3181383.422	1.592579912e-12	3.427432624e-13
3244414.851	1.06640996e-12	2.299696168e-13
3261392.820	1.249896032e-12	3.275710592e-13
3262188.485	1.61030716e-12	5.22030432e-13
3267384.332	1.69321768e-12	3.530602768e-13
3351832.831	9.60772736e-13	1.553178088e-13
3410985.339	1.265649616e-12	2.531298616e-13
3417010.585	9.85388096e-13	2.497432784e-13
3491237.635	9.8094304e-13	2.171941464e-13
3508454.344	9.19530304e-13	2.206300712e-13
3519885.030	1.26040684e-12	2.624544384e-13
3577324.569	9.66265608e-13	2.48394916e-13
3617382.426	1.064810824e-12	2.62018988e-13
3659682.149	6.31558928e-13	1.451084712e-13
3676585.263	6.046131784e-13	1.607601072e-13
3688077.446	7.5879188e-13	1.572966472e-13
3775750.194	6.85875344e-13	1.31886832e-13
3829124.121	1.093221976e-12	2.795403072e-13
3845757.250	1.182035624e-12	2.484690208e-13
3863025.879	1.236727184e-12	2.00266836e-13
3943655.115	7.31434704e-13	2.033719072e-13
3955562.157	7.90135192e-13	1.664300176e-13
4034564.505	8.29482192e-13	2.011790088e-13
4042264.814	1.151028032e-12	1.945357568e-13
4103395.126	8.70671032e-13	2.165986592e-13
4114728.728	1.08935288e-12	2.377291224e-13
4160225.475	1.064331576e-12	2.660828632e-13
4208658.566	5.981793048e-13	1.576591632e-13
4245895.103	1.16306652e-12	2.780036336e-13
4280523.714	6.32931376e-13	1.1109714e-13
4369902.208	7.22999816e-13	1.49331336e-13
4436354.113	7.17100384e-13	1.973780424e-13
4452993.827	8.62953168e-13	2.249091152e-13
4493031.653	7.34021288e-13	1.47014252e-13
4633402.116	5.81550508e-13	1.317237152e-13
4652950.054	1.254240064e-12	2.914012024e-13
4896413.077	6.090533064e-13	1.102421936e-13
5150710.043	8.13885688e-13	2.065603232e-13
5170772.402	5.489645392e-13	1.376503128e-13
5353859.980	6.52959384e-13	9.95262576e-14
5505780.675	3.075177336e-13	8.0991988e-14
5683420.091	4.771402944e-13	9.90959816e-14
5872861.360	4.042151344e-13	8.85467968e-14
6018079.021	3.913879816e-13	8.68391832e-14
6111846.283	4.254606664e-13	9.4001908e-14
6215105.568	3.819334288e-13	6.27387992e-14
10590271.071	1.28168348e-13	2.681040824e-14
11903520.419	6.23073528e-14	1.726197088e-14
13560053.590	7.28124936e-14	2.13197292e-14
14795139.070	5.162843224e-14	1.421819784e-14
16907222.545	4.052539568e-14	1.6128882e-14